artist,genre,album,track_name,track_id,danceability,energy,key,loudness,mode,speechiness,instrumentalness,liveness,valence,tempo,duration_ms,time_signature,track_popularity,added_at
The Notorious B.I.G.,east coast hip hop/gangster rap/hardcore hip hop/hip hop/rap,Ready to Die (The Remaster),Juicy - 2005 Remaster,5ByAIlEEnxYdvpnezg7HTX,0.889,0.818,9,-4.639,1,0.253,0,0.179,0.782,96.063,302760,4,78.0,2013-06-16T15:24:28Z
The Notorious B.I.G.,east coast hip hop/gangster rap/hardcore hip hop/hip hop/rap,Life After Death (Deluxe Version),Mo Money Mo Problems (feat. Mase & Puff Daddy),3kG2YgxjYnnPBlo7H08Xt3,0.857,0.867,6,-4.952,0,0.0635,0,0.128,0.918,104.382,253133,4,0.0,2015-02-18T16:48:29Z
Nik & Jay,danish pop,Nik & Jay 2,En Dag Tilbage,5xbVoqGASUuEV2mp5LXrRz,0.748,0.492,10,-6.264,0,0.0449,5.11e-06,0.163,0.349,93.009,267440,4,54.0,2013-06-16T15:24:39Z
Karpe,norwegian hip hop/norwegian pop/norwegian pop rap,Her,Her,0acTLwpKVLVkYN65Jt4SCl,0.652,0.923,9,-3.778,1,0.0309,0.0008,0.114,0.58,106.432,184720,4,0.0,2013-06-16T15:24:39Z
Karpe,norwegian hip hop/norwegian pop/norwegian pop rap,Toyota´n til Magdi,Toyota´n til Magdi,433aQtRmtcVO281oWASwYA,0.622,0.814,7,-4.782,1,0.304,0,0.0621,0.651,86.739,228027,4,0.0,2013-06-16T15:24:39Z
Karpe,norwegian hip hop/norwegian pop/norwegian pop rap,"Kors på halsen, ti kniver i hjertet, mor og far i døden",Bonus: Påfugl - m/ Maria Mena,2tez3tmnNYfFJo7lLZfZmk,0.438,0.763,6,-6.732,0,0.168,0.000588,0.118,0.326,85.154,192813,4,0.0,2013-06-16T15:24:39Z
Karpe,norwegian hip hop/norwegian pop/norwegian pop rap,Fire Vegger,Stjerner,17mdSsuyzqe4R200aEUHXB,0.698,0.718,3,-4.32,0,0.039,0,0.0968,0.196,104.98,168773,4,0.0,2013-06-16T15:24:39Z
Karpe,norwegian hip hop/norwegian pop/norwegian pop rap,Aldri Solgt En Løgn,Tusen Tegninger,7BLTDNLUi5NIyvGVxEIhlA,0.634,0.692,3,-6.038,0,0.0442,0.000108,0.224,0.495,85.999,259213,4,0.0,2013-06-16T15:24:39Z
Karpe,norwegian hip hop/norwegian pop/norwegian pop rap,"Kors på halsen, ti kniver i hjertet, mor og far i døden",Spis din syvende sans,25OObZIRPoArO3ufAM9tJL,0.653,0.516,11,-6.137,1,0.075,1.75e-05,0.197,0.233,150.099,201347,4,0.0,2013-08-08T21:07:58Z
Karpe,norwegian hip hop/norwegian pop/norwegian pop rap,Glasskår,Kunsten å være inder,7zyNuxKjvwPiN6mGNkWhvS,0.629,0.661,6,-6.492,0,0.29,0,0.302,0.815,96.838,141880,4,0.0,2016-07-19T19:09:48Z
Karpe,norwegian hip hop/norwegian pop/norwegian pop rap,Fire Vegger,"Fly, Baba (feat. Ras Steven)",3ERTDC8M5wXbKDnSrCZbJo,0.731,0.809,1,-4.196,1,0.11,0,0.0497,0.676,92.977,238787,4,0.0,2016-07-19T19:11:03Z
Karpe,norwegian hip hop/norwegian pop/norwegian pop rap,Aldri Solgt En Løgn,Aldri Solgt En Løgn,0ZESD6jCZlb5pr2jDPBImw,0.77,0.861,4,-5.203,0,0.0823,1.88e-06,0.275,0.318,110.115,163840,4,0.0,2016-07-19T19:11:41Z
Karpe,norwegian hip hop/norwegian pop/norwegian pop rap,Aldri Solgt En Løgn,Snøhvit,2Bngn4VYrcbnzJAufZmmmn,0.675,0.797,9,-5.761,1,0.0669,0,0.0808,0.649,110.008,178733,4,0.0,2013-06-16T15:24:39Z
Karpe,norwegian hip hop/norwegian pop/norwegian pop rap,Aldri Solgt En Løgn,Ruter (feat. Andreas Grega),6iopOqZWTM2Ak3p00Akv1p,0.555,0.686,0,-6.212,1,0.0342,6.5e-06,0.0931,0.126,105.028,198133,4,0.0,2015-01-27T15:42:35Z
Karpe,norwegian hip hop/norwegian pop/norwegian pop rap,Fire Vegger,Regnvær,19DjhEC2bl7Gea6l5EAXq4,0.725,0.83,8,-3.534,1,0.111,0,0.0506,0.484,92.952,206653,4,0.0,2013-07-07T09:26:32Z
Karpe,norwegian hip hop/norwegian pop/norwegian pop rap,Fire Vegger,Fireogtyvegods,6Fy1qyQn8Q5mxcZgKUibr9,0.711,0.937,11,-5.045,0,0.135,0,0.283,0.683,104.992,180653,4,0.0,2013-07-07T09:27:04Z
Timbuktu,classic swedish pop/skansk musik/swedish hip hop/swedish pop/swedish pop rap,Versioner,Flickan och kråkan,01QLHKTM642evmldSobVQw,0.768,0.676,6,-6.77,0,0.212,0,0.042,0.523,135.975,211387,4,45.0,2013-06-16T15:24:39Z
Timbuktu,classic swedish pop/skansk musik/swedish hip hop/swedish pop/swedish pop rap,Alla vill till himmelen men ingen vill dö,Alla vill till himmelen men ingen vill dö,6I1kZgg3bGrPKxhZOltbRW,0.775,0.87,4,-5.384,0,0.121,0.00027,0.293,0.64,112.0,246387,4,57.0,2013-06-16T15:24:39Z
Frank Ocean,lgbtq+ hip hop/neo soul,channel ORANGE (Explicit Version),Lost,4L7jMAP8UcIe309yQmkdcO,0.913,0.603,8,-4.892,1,0.226,0.000503,0.167,0.497,123.061,234093,4,3.0,2013-06-16T15:24:39Z
Immortal Technique,conscious hip hop/east coast hip hop/hardcore hip hop/harlem hip hop/political hip hop,Revolutionary Vol. 1,Dance With the Devil,6dnzxuP6pNn9JQOJQP8CZO,0.673,0.871,1,-5.781,0,0.415,0,0.477,0.232,89.186,579293,4,0.0,2013-06-16T15:26:15Z
Immortal Technique,conscious hip hop/east coast hip hop/hardcore hip hop/harlem hip hop/political hip hop,Revolutionary Vol. 2,Point of No Return,225Mk6iJGC4XAGVwHNW1jL,0.581,0.83,5,-7.032,0,0.475,0,0.325,0.52,118.332,241827,5,0.0,2013-06-16T15:29:17Z
Immortal Technique,conscious hip hop/east coast hip hop/hardcore hip hop/harlem hip hop/political hip hop,Revolutionary Vol. 2,Harlem Streets,7xxbcXU3UIc8q0r6sXwCRl,0.924,0.749,11,-5.639,0,0.27,1.17e-05,0.659,0.741,112.089,232040,5,0.0,2013-06-16T15:32:23Z
Immortal Technique,conscious hip hop/east coast hip hop/hardcore hip hop/harlem hip hop/political hip hop,Revolutionary Vol. 2,Obnoxious,7u2uCDgib9tKbxwNKbCaKl,0.644,0.781,10,-6.572,0,0.347,0,0.374,0.96,75.832,289427,4,0.0,2013-06-29T22:34:06Z
Immortal Technique,conscious hip hop/east coast hip hop/hardcore hip hop/harlem hip hop/political hip hop,Hip-Hop's Controlled Substances,Peruvian Cocaine,6oQgrY3uZramOg13ylYe82,0.685,0.63,4,-7.451,0,0.382,0,0.329,0.671,86.199,288667,4,0.0,2013-06-29T22:34:12Z
Kanye West,chicago rap/hip hop/rap,Stronger (Int'l ECD Maxi),Stronger,24H5KPBdSvHQMRXTp12K3J,0.369,0.785,1,-6.269,1,0.2,0,0.206,0.443,104.033,312893,4,0.0,2013-06-16T16:03:04Z
Kanye West,chicago rap/hip hop/rap,Late Registration,Gold Digger,5XJJdNPkwmbUwE79gv0NxK,0.646,0.696,1,-5.572,0,0.342,0,0.0762,0.625,92.88,207401,4,0.0,2013-06-16T16:03:07Z
JAY-Z,east coast hip hop/gangster rap/hip hop/pop rap/rap,The Hits Collection Volume One (Deluxe),99 Problems,1vFVOr0psCHVWjjK2Jp298,0.496,0.969,6,-0.835,0,0.38,0,0.0953,0.461,92.034,234196,4,0.0,2013-06-16T16:03:32Z
JAY-Z,east coast hip hop/gangster rap/hip hop/pop rap/rap,The Blueprint 3,Empire State Of Mind [Jay-Z + Alicia Keys],69yVxyuRahEzs2taFMVVoO,0.495,0.933,11,-3.977,1,0.395,0,0.503,0.815,173.414,277400,4,0.0,2013-06-16T16:03:34Z
JAY-Z,east coast hip hop/gangster rap/hip hop/pop rap/rap,"Run This Town [Jay-Z, Rihanna, & Kanye West]",Run This Town [Jay-Z + Rihanna + Kanye West],5M8nEsWqUkwUwCp58ydE4W,0.653,0.928,1,-1.787,1,0.24,0,0.299,0.416,86.764,267520,4,0.0,2013-06-16T16:03:36Z
Nelly,dance pop/gangster rap/hip hop/pop rap/rap/st louis rap/urban contemporary,Nellyville (Explicit Version),Hot In Herre,0oXuKhuNkXiZtuoxrdt3Ca,0.955,0.728,9,-4.862,0,0.122,0,0.0612,0.922,107.082,228227,4,0.0,2013-06-16T16:04:04Z
Kid Ink,pop rap/rap/southern hip hop/trap,Almost Home,Money and the Power,2d6MFEO69kPWRAAPOzpyz2,0.562,0.684,0,-5.805,1,0.0854,1.77e-05,0.104,0.383,174.137,207907,4,0.0,2013-06-18T15:02:37Z
The Game,detroit hip hop/gangster rap/hip hop/pop rap/rap/southern hip hop/trap,Hate It Or Love It,Hate It Or Love It,6gQaf0ANLks2uWl2AHhU26,0.796,0.782,9,-4.805,1,0.21,0,0.13,0.418,99.978,207440,4,47.0,2013-06-16T16:05:17Z
Macklemore & Ryan Lewis,pop rap/seattle hip hop,The Heist,Same Love (feat. Mary Lambert),01uqI4H13Gsd8Lyl1EYd8H,0.688,0.473,8,-9.059,1,0.167,4.46e-05,0.104,0.299,84.958,318525,4,64.0,2013-06-16T16:07:48Z
Macklemore & Ryan Lewis,pop rap/seattle hip hop,The Heist,Wing$,5n5uyFpfopa4mNdSN0gTaH,0.4,0.602,7,-6.988,0,0.197,0,0.191,0.0964,74.142,298641,4,63.0,2013-06-16T16:07:48Z
Macklemore & Ryan Lewis,pop rap/seattle hip hop,VS. Redux,Otherside (feat. Fences) [Ryan Lewis Remix],3JIqogHHQIQW1uJ5Yivb88,0.612,0.568,4,-8.555,0,0.0743,0,0.217,0.23,116.247,346164,4,52.0,2013-06-16T16:07:48Z
Macklemore & Ryan Lewis,pop rap/seattle hip hop,The Heist,Can't Hold Us (feat. Ray Dalton),3bidbhpOYeV4knp8AIu8Xn,0.641,0.922,2,-4.457,1,0.0786,0,0.0862,0.847,146.078,258343,4,83.0,2013-06-18T09:34:56Z
2 Chainz,atl hip hop/hip hop/pop rap/rap/southern hip hop/trap,Fast & Furious 6,We Own It (Fast & Furious),5DD9jE8Z3LvpVn2TxknJyX,0.554,0.899,8,-4.573,1,0.408,0,0.0568,0.552,171.966,227893,4,64.0,2013-06-16T16:07:54Z
Eminem,detroit hip hop/hip hop/rap,The Eminem Show,'Till I Collapse,6yr8GiTHWvFfi4o6Q5ebdT,0.551,0.851,1,-3.277,1,0.197,0,0.0784,0.1,171.411,297893,4,1.0,2013-06-16T16:08:21Z
Eminem,detroit hip hop/hip hop/rap,Lose Yourself (International Version),Lose Yourself - Soundtrack Version,0j5X6DrzkgY64Mm8NQp5mi,0.69,0.747,2,-4.583,1,0.264,0.000709,0.355,0.0701,171.367,326640,4,0.0,2013-06-16T16:08:25Z
Eminem,detroit hip hop/hip hop/rap,Curtain Call (Deluxe),Shake That,6KqKg8IPuvtDB3PNAvffFf,0.964,0.642,1,-5.831,0,0.109,3.68e-05,0.158,0.547,107.006,274440,4,0.0,2013-06-16T16:09:12Z
Eminem,detroit hip hop/hip hop/rap,The Eminem Show,Without Me,06wOQGz4bGB7HETrIjpIep,0.915,0.656,7,-2.827,1,0.0716,0,0.324,0.642,112.243,290227,4,0.0,2013-06-16T16:10:37Z
Eminem,detroit hip hop/hip hop/rap,Curtain Call (Deluxe),Mockingbird,17baAghWcrewNOcc9dCewx,0.621,0.672,4,-3.892,0,0.276,0,0.13,0.228,83.808,251267,4,0.0,2013-06-26T22:47:32Z
Jake Miller,indie pop rap/teen pop,A Million Lives,A Million Lives,0MJlUTPxRTfsJWCCfRws5U,0.729,0.86,7,-5.012,1,0.0695,0,0.181,0.668,95.016,213478,4,0.0,2013-06-18T15:02:54Z
Jake Miller,indie pop rap/teen pop,Spotlight,Day Without Your Love (feat. Jeremy Thurber),0ORbhV3VBtIYffQ7OLZbrv,0.707,0.722,0,-6.504,0,0.0623,0,0.429,0.704,94.019,178444,4,25.0,2013-06-18T15:02:56Z
Jake Miller,indie pop rap/teen pop,I'm Alright,I'm Alright,22LGJ8jAvwoEUAQgzE23qM,0.605,0.941,7,-3.672,1,0.0866,0,0.376,0.596,174.015,204879,4,0.0,2013-06-18T15:02:57Z
Jake Miller,indie pop rap/teen pop,Spotlight,With You,0NqsnbGcZFu4zYm4ujq8id,0.676,0.817,11,-5.78,0,0.0382,0.000328,0.254,0.443,115.0,217235,4,23.0,2013-06-18T15:02:59Z
Jake Miller,indie pop rap/teen pop,Runnin,Runnin,7wwIbxHE8TgptmBGJjPgYi,0.587,0.801,1,-5.775,0,0.0435,1.13e-06,0.0842,0.603,155.969,181866,4,0.0,2013-06-18T15:03:01Z
Jake Miller,indie pop rap/teen pop,Spotlight,What I Wouldn't Give (feat. Jeremy Thurber),16jdVrwmOc3HCi786ofnD1,0.683,0.905,0,-3.832,1,0.0626,0,0.0749,0.536,92.047,182440,4,19.0,2013-06-18T15:03:03Z
A$AP Rocky,east coast hip hop/hip hop/rap/trap,LONG.LIVE.A$AP (Deluxe Version),Wild for the Night (feat. Skrillex & Birdy Nam Nam),22Mme5vsZ688TMUieIHdx3,0.756,0.857,2,-4.185,1,0.336,0,0.121,0.688,140.017,212640,4,0.0,2013-06-18T17:57:35Z
A$AP Rocky,east coast hip hop/hip hop/rap/trap,LONG.LIVE.A$AP (Deluxe Version),"F**kin' Problems (feat. Drake, 2 Chainz & Kendrick Lamar)",4XoP1AkbOurU9CeZ2rMEz2,0.869,0.687,1,-6.816,1,0.263,1e-06,0.114,0.668,96.006,233787,4,0.0,2013-06-18T17:57:37Z
Baby Bash,chicano rap/latin hip hop/pop rap/southern hip hop/texas latin rap/urban contemporary,Tha Smokin' Nephew,Suga Suga,00LfFm08VWeZwB0Zlm24AT,0.662,0.748,5,-3.041,0,0.268,8.43e-06,0.0841,0.535,82.331,239027,4,0.0,2013-06-20T23:14:07Z
Cypress Hill,chicano rap/gangster rap/hip hop/rap rock/west coast rap,Rise Up,Carry Me Away,5AblhABYvhhO6zi2n71DZJ,0.715,0.926,4,-4.853,0,0.106,0.0121,0.143,0.595,96.997,247493,4,35.0,2013-06-26T22:46:23Z
Fort Minor,rap rock,The Rising Tied (Deluxe Edition),Remember the Name (feat. Styles of Beyond),7vwkKw2Xd7Pks1X712Au0T,0.688,0.835,8,-4.162,1,0.0911,2.87e-06,0.0795,0.88,84.858,230493,4,56.0,2013-06-16T16:15:42Z
Fort Minor,rap rock,The Rising Tied (Deluxe Edition),Feel Like Home (feat. Styles of Beyond),6ryTl5SBZx07W0piPdzOdr,0.83,0.818,1,-3.479,1,0.155,6.51e-06,0.0888,0.648,100.012,233547,4,32.0,2013-06-26T22:46:37Z
Fort Minor,rap rock,The Rising Tied (Deluxe Edition),Where'd You Go (feat. Holly Brook & Jonah Matranga),4nhWET56c4jPScMGnivGwz,0.684,0.819,1,-3.309,0,0.238,0.00197,0.113,0.25,179.999,231867,4,44.0,2013-06-26T22:46:54Z
Sean Kingston,dance pop/miami hip hop/pop,Beat It (feat. Chris Brown & Wiz Khalifa),Beat It (feat. Chris Brown & Wiz Khalifa),4OjmCvRsvo2lAiB9O8KLxe,0.493,0.603,5,-6.512,0,0.0838,0,0.304,0.535,197.829,254493,4,44.0,2013-06-27T12:12:38Z
JAY-Z,east coast hip hop/gangster rap/hip hop/pop rap/rap,The Hits Collection Volume One (Deluxe),Izzo (H.O.V.A.),0v3FPUiZAzViGUtXzdpB5O,0.693,0.9,6,-2.075,0,0.357,1.15e-05,0.0847,0.76,174.06,239816,4,0.0,2013-06-27T19:52:26Z
JAY-Z,east coast hip hop/gangster rap/hip hop/pop rap/rap,The Hits Collection Volume One (Deluxe),Dirt Off Your Shoulder,5Kh4cypbGZnhxlopwh0Cd6,0.782,0.791,1,-3.81,1,0.33,0,0.25,0.807,163.916,241441,4,0.0,2013-06-27T19:52:34Z
Fort Minor,rap rock,The Rising Tied (Deluxe Edition),Kenji,1NDJi8zWYCHCFJAjbb97bz,0.701,0.913,10,-4.664,0,0.111,0.000479,0.0801,0.652,103.002,231480,4,33.0,2013-06-29T20:06:54Z
Linkin Park,alternative metal/nu metal/post-grunge/rap metal/rock,Minutes to Midnight,Hands Held High,3tIfOsDW9iRIZoBoYhpGTm,0.565,0.603,9,-8.597,1,0.0329,4.87e-05,0.195,0.132,104.0,233133,4,44.0,2013-06-29T20:06:59Z
Outkast,atl hip hop/dirty south rap/hip hop/old school atlanta hip hop/rap/southern hip hop,Speakerboxxx/The Love Below,Roses,6bUNEbXT7HovLW6BgPCBsb,0.751,0.708,0,-5.653,1,0.0545,1.85e-05,0.107,0.509,108.97,369573,4,73.0,2013-06-30T11:28:53Z
Outkast,atl hip hop/dirty south rap/hip hop/old school atlanta hip hop/rap/southern hip hop,Stankonia,Ms. Jackson,0I3q5fE6wg7LIfHGngUTnV,0.843,0.806,4,-5.946,0,0.269,0,0.0771,0.613,94.948,270507,4,84.0,2013-06-30T11:28:55Z
Macklemore & Ryan Lewis,pop rap/seattle hip hop,The Heist,Ten Thousand Hours,0dlxqODS4xOn7pwjKXZZuc,0.357,0.748,3,-7.491,0,0.223,0,0.0686,0.544,82.57,249882,4,38.0,2013-06-30T15:54:58Z
J. Cole,conscious hip hop/hip hop/north carolina hip hop/rap,Crooked Smile (feat. TLC),Crooked Smile (feat. TLC) - Single Version,6knMRkrveokIBJLvno6WVe,0.414,0.78,7,-5.741,1,0.362,0,0.869,0.509,80.972,276480,4,0.0,2013-07-06T16:55:31Z
A$AP Rocky,east coast hip hop/hip hop/rap/trap,LONG.LIVE.A$AP (Deluxe Version),Goldie,4go2hxLM6ijk0K76ZY0Nhd,0.68,0.843,1,-4.919,1,0.241,3.02e-05,0.378,0.743,81.958,192067,4,0.0,2013-07-06T17:04:41Z
Chiddy Bang,indie pop rap/philly rap/pop rap,Opposite of Adults EP,Opposite of Adults,0yp6ui2sosUjCUro1rRk2Q,0.676,0.889,9,-5.483,1,0.148,0,0.329,0.617,95.987,195453,4,43.0,2013-07-06T23:08:53Z
Chiddy Bang,indie pop rap/philly rap/pop rap,Breakfast,Mind Your Manners (feat. Icona Pop),0O986IRZ2rL3qGH5QiD4ZO,0.696,0.853,2,-4.122,1,0.237,0,0.0843,0.685,92.976,196653,4,47.0,2013-07-06T23:09:02Z
Chiddy Bang,indie pop rap/philly rap/pop rap,Ray Charles,Ray Charles,3oIGAhEKVF2Cs1yzQvBNb2,0.711,0.884,1,-4.111,1,0.144,0,0.0473,0.855,94.99,223452,4,24.0,2013-07-06T23:09:15Z
Chiddy Bang,indie pop rap/philly rap/pop rap,The Preview,Bad Day,464TUmDMOV0e1kax8Bph40,0.828,0.651,10,-6.96,0,0.154,0,0.0771,0.738,105.969,203160,4,30.0,2013-07-06T23:09:25Z
JAY-Z,east coast hip hop/gangster rap/hip hop/pop rap/rap,Magna Carta... Holy Grail,Tom Ford,1PNGJBI1Lx0h8QCpkHKZLU,0.863,0.705,8,-6.202,1,0.31,2.21e-05,0.524,0.599,145.099,189013,4,52.0,2013-07-18T19:44:44Z
Grits,christian hip hop,The Art of Translation,Ooh Ahh (My Life Be Like) (feat. Toby Mac),1iUoWD9qE93GyoT80O5IKt,0.756,0.855,2,-3.529,1,0.0669,0.00028,0.302,0.811,99.02,233173,4,0.0,2013-07-19T16:02:22Z
Chris Webby,indie pop rap,There Goes The Neighborhood EP,Skyline,73Vv9jD957akGtO7vO7PHY,0.75,0.817,11,-6.898,1,0.189,0,0.0858,0.377,98.992,229098,4,0.0,2013-07-19T16:10:32Z
JAY-Z,east coast hip hop/gangster rap/hip hop/pop rap/rap,Magna Carta... Holy Grail,Holy Grail,37jTPJgwCCmIGMPB45jrPV,0.676,0.534,2,-6.901,0,0.0831,8.59e-06,0.256,0.156,145.082,338413,4,65.0,2013-07-21T19:39:04Z
JAY-Z,east coast hip hop/gangster rap/hip hop/pop rap/rap,Magna Carta... Holy Grail,F*ckwithmeyouknowigotit,3PBC860LAeS4utDAqlqIe2,0.611,0.464,10,-8.068,0,0.294,0.214,0.0794,0.274,127.766,243413,4,57.0,2013-07-21T19:39:20Z
JAY-Z,east coast hip hop/gangster rap/hip hop/pop rap/rap,Magna Carta... Holy Grail,Picasso Baby,6DlJZmRXDfHzGzAVo1yjfP,0.525,0.74,1,-5.383,1,0.295,6.52e-05,0.249,0.662,85.8,245787,4,40.0,2013-07-21T19:39:32Z
JAY-Z,east coast hip hop/gangster rap/hip hop/pop rap/rap,Magna Carta... Holy Grail,Oceans,3VeW0pO2pae144rAX2oXPP,0.365,0.943,11,-5.274,0,0.474,0,0.39,0.456,177.919,237920,4,48.0,2013-07-21T19:45:18Z
JAY-Z,east coast hip hop/gangster rap/hip hop/pop rap/rap,Magna Carta... Holy Grail,Somewhereinamerica,35NjCsajdnNuD3EA2HYplH,0.737,0.705,2,-6.284,1,0.2,0,0.437,0.35,85.993,148040,4,45.0,2013-07-21T19:45:25Z
JAY-Z,east coast hip hop/gangster rap/hip hop/pop rap/rap,Magna Carta... Holy Grail,Part II (On The Run),2gSh6B45bWv4gDOhawR8C2,0.6,0.636,8,-5.732,1,0.0939,0,0.451,0.351,86.997,333747,4,53.0,2013-07-21T19:45:49Z
Macklemore,pop rap/seattle hip hop,The Unplanned Mixtape,The Town,78wkOLqITJnDlAhvAclsb1,0.523,0.692,0,-5.309,1,0.377,0.00237,0.164,0.526,84.802,336400,4,44.0,2013-07-29T19:23:03Z
Blackstreet,boy band/contemporary r&b/new jack swing/r&b,No Diggity: The Very Best Of Blackstreet,No Diggity,4l2ecMeHvDg2Y9OOkqfucN,0.865,0.65,1,-4.617,0,0.207,0,0.133,0.715,88.663,305707,4,0.0,2013-07-30T19:26:49Z
The Prodigy,big beat/breakbeat/dance rock/hardcore techno/rave,The Fat of the Land,Smack My Bitch Up,2lBpN5CZ3zLyVIPejUhN6Y,0.603,0.993,10,-4.516,0,0.142,0.629,0.11,0.247,136.223,342733,4,0.0,2013-08-04T21:11:40Z
The Prodigy,big beat/breakbeat/dance rock/hardcore techno/rave,The Fat of the Land,Breathe,5FCyoZGaN6nRod1oNDJIWZ,0.682,0.819,9,-6.116,1,0.0501,0.881,0.0389,0.312,130.032,334800,4,0.0,2013-08-04T21:11:50Z
Rizzle Kicks,uk hip hop,Stereo Typical,Mama Do The Hump,1Buen1HzrkOrgW69mYnFqg,0.726,0.89,7,-4.123,1,0.136,0,0.0762,0.548,98.006,216013,4,0.0,2013-08-04T21:19:53Z
Rizzle Kicks,uk hip hop,Down With The Trumpets,Down With The Trumpets,1oMesUID2788elbHOFFs4y,0.767,0.885,9,-4.125,1,0.081,0,0.212,0.774,115.081,186659,4,0.0,2013-08-04T21:19:55Z
Rizzle Kicks,uk hip hop,When I Was A Youngster,When I Was A Youngster,4r6FvxcqxkWnj7jzozAMZz,0.565,0.963,11,-3.081,1,0.0847,1.94e-05,0.297,0.961,159.014,175157,4,0.0,2013-08-04T21:20:03Z
Dizzee Rascal,grime/instrumental grime,Goin' Crazy,Goin' Crazy,13sql8GECIkiDJ2zQp4qlW,0.722,0.859,10,-5.004,0,0.0646,0,0.278,0.646,119.995,203141,4,0.0,2013-08-04T21:24:25Z
B.o.B,atl hip hop/dance pop/pop rap/rap/southern hip hop,HeadBand (feat. 2 Chainz),HeadBand (feat. 2 Chainz),6gf1xlPETW9CwjsdnUzW3g,0.92,0.472,1,-7.941,1,0.333,0,0.068,0.308,97.463,219833,4,51.0,2013-08-01T13:40:01Z
Macklemore & Ryan Lewis,pop rap/seattle hip hop,The Heist,Make The Money,7g3bGUwZaMp0Wve2wSp50F,0.455,0.925,2,-5.424,0,0.27,1.64e-05,0.165,0.427,87.818,223820,4,35.0,2013-08-08T21:20:03Z
Sage The Gemini,hyphy/pop rap/southern hip hop/trap,Gas Pedal (feat. IamSu) - Single,Gas Pedal (feat. IamSu),1AWtWuezUIr59T2rXpCP0U,0.854,0.46,10,-9.71,0,0.14,0,0.128,0.483,97.512,207264,4,0.0,2013-08-09T09:15:44Z
JAY-Z,east coast hip hop/gangster rap/hip hop/pop rap/rap,Collision Course (Deluxe Version),Points of Authority / 99 Problems / One Step Closer,65eohvrL4ttjA7EfFkQOhX,0.547,0.951,1,-4.079,0,0.151,1.14e-05,0.0862,0.51,95.031,295827,4,64.0,2013-08-09T10:26:46Z
Sage The Gemini,hyphy/pop rap/southern hip hop/trap,Gas Pedal - The EP,Red Nose,1ygo8VAx32lrSfHJyLj6Mm,0.862,0.364,11,-9.727,0,0.137,0,0.0688,0.751,97.51,198531,4,0.0,2013-08-23T16:37:40Z
B.o.B,atl hip hop/dance pop/pop rap/rap/southern hip hop,Strange Clouds (feat. Lil Wayne),Strange Clouds - feat. Lil Wayne,4cgZ2dCVqZyMWo0zubW6Vb,0.68,0.716,10,-4.744,0,0.2,0,0.122,0.833,147.978,226897,4,0.0,2013-08-24T21:08:37Z
Outkast,atl hip hop/dirty south rap/hip hop/old school atlanta hip hop/rap/southern hip hop,The Way You Move / Hey Ya!,Hey Ya!,3AszgPDZd9q0DpDFt4HFBy,0.715,0.97,0,-2.206,1,0.0648,0.000156,0.205,0.963,79.504,239240,4,64.0,2013-08-25T11:34:48Z
Busta Rhymes,east coast hip hop/hardcore hip hop/hip hop/pop rap/rap,Genesis,Break Ya Neck,0svl7cK07gK1ia5ainczU5,0.82,0.809,4,-6.759,0,0.251,0.00175,0.0613,0.737,83.011,231240,4,0.0,2013-08-30T19:52:24Z
Busta Rhymes,east coast hip hop/hardcore hip hop/hip hop/pop rap/rap,It Ain't Safe No More. . .,I Know What You Want (feat. Flipmode Squad),440JHgcmlgu65MbKBg20ba,0.563,0.751,6,-4.325,1,0.317,0,0.636,0.487,85.789,324307,4,57.0,2013-09-01T20:07:00Z
Eminem,detroit hip hop/hip hop/rap,Berzerk,Berzerk,3dkKXwgAmYTf2TwYds2E12,0.727,0.873,2,-4.071,1,0.338,0,0.246,0.674,95.122,238653,4,2.0,2013-09-03T14:48:30Z
Eminem,detroit hip hop/hip hop/rap,Recovery,Talkin’ 2 Myself,6q4XYddaLXrw1v23n4Ai4B,0.398,0.962,4,-2.177,0,0.415,0,0.561,0.5,180.271,300427,4,0.0,2013-09-05T14:58:56Z
Eminem,detroit hip hop/hip hop/rap,Not Afraid,Not Afraid,1UHBcngfWo8hi3m003wZtX,0.855,0.951,8,-1.227,1,0.245,0,0.166,0.715,114.629,250653,5,1.0,2013-09-08T12:29:36Z
Eminem,detroit hip hop/hip hop/rap,Curtain Call (Deluxe),Like Toy Soldiers,6AnfqcIa7IyrCMtgh5P6Wc,0.655,0.762,8,-3.427,0,0.312,0.000446,0.093,0.368,82.656,295667,4,0.0,2013-09-08T12:30:22Z
Eminem,detroit hip hop/hip hop/rap,The Eminem Show,When The Music Stops,1m9OHohGwd3lWOMTZGZSJM,0.742,0.549,8,-3.614,0,0.103,0,0.081,0.093,93.082,268933,3,0.0,2013-09-08T12:31:01Z
Eminem,detroit hip hop/hip hop/rap,The Eminem Show,Superman,5voKHxbIqgBU7fZMX8Lu0T,0.803,0.757,4,-3.212,0,0.0597,0,0.195,0.623,130.019,350227,4,0.0,2013-09-08T12:31:31Z
Eminem,detroit hip hop/hip hop/rap,Relapse,Beautiful,7n8UWYTawkrcC1KBsY5XRc,0.727,0.696,5,-4.472,0,0.0706,0,0.0726,0.467,132.077,392827,4,0.0,2013-09-08T12:33:54Z
Eminem,detroit hip hop/hip hop/rap,When I'm Gone,When I'm Gone,4CDIEKHMb2MBgvgHBkhiJD,0.618,0.746,10,-5.476,0,0.352,0,0.273,0.75,75.272,281320,4,70.0,2015-11-27T22:25:48Z
Jason Derulo,dance pop/pop,Talk Dirty (feat. 2 Chainz),Talk Dirty (feat. 2 Chainz),2yFh7Oz9g0bpHp3iis2Iu2,0.76,0.652,6,-7.321,1,0.232,0,0.307,0.759,100.315,177685,4,50.0,2013-09-19T19:49:26Z
Kanye West,chicago rap/hip hop/rap,My Beautiful Dark Twisted Fantasy,Monster,5jXNOgH5A7yI76BU9kaP6N,0.622,0.679,11,-5.621,0,0.245,0.00683,0.606,0.0878,123.38,378893,5,0.0,2013-09-19T19:57:57Z
Kid Cudi,hip hop/ohio hip hop/pop rap/rap,Indicud,Just What I Am,20bJBbPapGQ4bqs0YcA9xY,0.654,0.95,1,-3.163,1,0.137,0,0.406,0.351,140.009,228027,4,69.0,2013-09-19T19:59:18Z
Chiddy Bang,indie pop rap/philly rap/pop rap,Breakfast,Talking to Myself,4ITmmRIktaZYSuIkhuiC6U,0.805,0.767,5,-4.909,1,0.288,0,0.0993,0.468,86.01,252413,4,33.0,2013-09-19T19:59:37Z
Tinie Tempah,dance pop/grime/pop rap,Children of the Sun,Children of the Sun (feat. John Martin),5fy6FwMleaPP70Zko0Kh9u,0.392,0.751,8,-5.928,1,0.0903,0,0.372,0.308,73.893,231794,4,34.0,2013-10-01T13:22:23Z
Kid Ink,pop rap/rap/southern hip hop/trap,Show Me,Show Me,45GtRWedzDAzG55MPosniU,0.491,0.512,7,-7.274,1,0.123,0,0.135,0.558,98.092,219640,4,0.0,2013-10-01T13:22:56Z
Macklemore & Ryan Lewis,pop rap/seattle hip hop,The Heist,White Walls (feat. ScHoolboy Q & Hollis),5l5IjBzuVWog64CYMmGqzu,0.765,0.762,7,-5.878,1,0.158,0,0.406,0.819,116.473,219426,4,49.0,2013-10-01T13:28:47Z
Nelly,dance pop/gangster rap/hip hop/pop rap/rap/st louis rap/urban contemporary,M.O. (Deluxe Edition),IDGAF,2TtaaTo5lG6F142YkMlXpz,0.613,0.921,2,-2.749,1,0.156,2.02e-05,0.174,0.669,120.292,190693,4,12.0,2013-10-01T14:18:19Z
Tinchy Stryder,grime,Catch 22,Number 1,3uRIGDDdT4tztwsOSLmjZg,0.581,0.824,0,-3.912,0,0.0377,0,0.483,0.747,114.912,212773,4,59.0,2013-10-04T22:22:13Z
Mike WiLL Made-It,atl hip hop/rap/southern hip hop/trap,23,23,4if4AqzRQgEtTF1xXddmoc,0.857,0.605,9,-5.264,1,0.0714,1.54e-05,0.112,0.323,140.027,252080,4,44.0,2013-10-04T22:24:05Z
2 Chainz,atl hip hop/hip hop/pop rap/rap/southern hip hop/trap,Based On A T.R.U. Story,I'm Different,6dqPyhLeRp00WxKQSnILYg,0.936,0.702,10,-5.305,1,0.0615,0,0.0838,0.704,97.524,207000,4,0.0,2013-10-04T22:24:21Z
Flipsyde,oakland hip hop,When It Was Good,When It Was Good,5g2GVm8NFACpKl2F2OWXwA,0.567,0.695,5,-6.126,0,0.0327,0,0.341,0.323,115.021,221747,4,0.0,2013-10-06T12:39:03Z
Eminem,detroit hip hop/hip hop/rap,Survival,Survival,3FL294j5PN9eYGh8slNKvB,0.453,0.907,7,-2.959,1,0.212,0,0.079,0.435,176.032,272280,4,0.0,2013-10-12T23:17:15Z
Chris Brown,pop rap/r&b/rap,Deuces featuring Tyga & Kevin McCall,Deuces (feat. Tyga & Kevin McCall),3QkXEz9TxApuk1JpDmeWnS,0.644,0.739,1,-5.103,1,0.137,0,0.0772,0.231,74.154,277013,4,0.0,2013-10-12T23:17:36Z
Kanye West,chicago rap/hip hop/rap,Yeezus,Black Skinhead,1ce3DvvGQn6hY2LMGMLCr5,0.578,0.825,1,-6.107,1,0.322,0,0.176,0.283,130.089,188013,4,13.0,2013-10-14T14:19:33Z
Kanye West,chicago rap/hip hop/rap,808s & Heartbreak (Softpak),Heartless,53gcDgFyqqpvCzXWrnFZpH,0.79,0.647,10,-5.983,0,0.136,0,0.248,0.654,87.999,211000,4,0.0,2013-10-14T14:20:08Z
Flipsyde,oakland hip hop,We The People,Someday,3NHHb2b16w7H2sOTpxEdfN,0.601,0.749,9,-4.635,0,0.0456,0,0.0877,0.338,160.338,239547,4,0.0,2013-10-14T16:06:07Z
J. Cole,conscious hip hop/hip hop/north carolina hip hop/rap,Power Trip (feat. Miguel),Power Trip (feat. Miguel),1EbWiEra7ovNsMq3DeLSDy,0.63,0.608,1,-7.273,1,0.225,0.000288,0.665,0.406,99.948,240280,4,0.0,2013-10-14T16:07:00Z
Lupe Fiasco,chicago rap/conscious hip hop/hip hop/political hip hop/pop rap/rap/southern hip hop,Lasers,Words I Never Said (feat. Skylar Grey),5AcOdoDOQOKtPlAM1FqBO8,0.445,0.928,10,-3.532,0,0.304,0,0.343,0.37,107.576,256960,3,50.0,2013-10-17T07:40:33Z
Eminem,detroit hip hop/hip hop/rap,Rap God,Rap God,6LY6qQmguN9HRXieGqZfke,0.703,0.84,7,-2.666,1,0.315,0,0.827,0.609,148.128,363973,4,0.0,2013-10-17T07:43:34Z
Nelly,dance pop/gangster rap/hip hop/pop rap/rap/st louis rap/urban contemporary,M.O. (Deluxe Edition),All Around The World,0yPdgJ3pumA3vjdpAZ0JA1,0.714,0.72,0,-5.189,1,0.0557,0,0.0512,0.378,122.991,247080,4,19.0,2013-10-17T07:57:12Z
Lupe Fiasco,chicago rap/conscious hip hop/hip hop/political hip hop/pop rap/rap/southern hip hop,Lasers,Out of My Head (feat. Trey Songz),4Nomj38R7Ds0P8I8orW2Tv,0.588,0.847,11,-4.734,0,0.0675,0,0.436,0.38,99.058,204013,4,48.0,2013-10-17T07:59:17Z
Jagged Edge,atl hip hop/contemporary r&b/hip pop/r&b/urban contemporary,Jagged Little Thrill,Where the Party At (feat. Nelly),5mNV8Mz59bzyuQ53gTw0c0,0.596,0.661,5,-6.239,0,0.226,0,0.0847,0.86,129.491,232573,5,69.0,2013-10-20T21:14:48Z
"Nas & Damian ""Jr. Gong"" Marley",reggae fusion,Distant Relatives,As We Enter,05Fxjq5GKH5uXjZqRhGP88,0.916,0.758,7,-4.423,1,0.247,0,0.0851,0.874,120.189,147907,4,0.0,2013-10-20T21:10:27Z
Nas,conscious hip hop/east coast hip hop/gangster rap/hardcore hip hop/hip hop/queens hip hop/rap,It Was Written,The Message,1AHfovSnGPVYKaahRtA0U6,0.614,0.543,5,-7.178,1,0.374,3.28e-05,0.383,0.485,178.422,234093,4,66.0,2013-10-20T21:10:52Z
Nas,conscious hip hop/east coast hip hop/gangster rap/hardcore hip hop/hip hop/queens hip hop/rap,It Was Written,If I Ruled the World (Imagine That),5PQmSHzWnlgG4EBuIqjac2,0.879,0.564,10,-7.682,0,0.247,9.43e-06,0.0519,0.523,93.908,282373,4,73.0,2013-10-20T21:11:01Z
Nas,conscious hip hop/east coast hip hop/gangster rap/hardcore hip hop/hip hop/queens hip hop/rap,It Was Written,Affirmative Action,2Ja3UauMDeQnq4sI8a64Ys,0.665,0.566,3,-9.209,0,0.443,0,0.16,0.755,173.804,259800,4,59.0,2013-10-29T11:04:21Z
Nas,conscious hip hop/east coast hip hop/gangster rap/hardcore hip hop/hip hop/queens hip hop/rap,Greatest Hits,I Can,4E2j9dtimUItAjUhafldtX,0.839,0.893,1,-3.963,0,0.198,0,0.0545,0.699,95.314,254600,4,0.0,2013-10-29T11:04:29Z
Nas,conscious hip hop/east coast hip hop/gangster rap/hardcore hip hop/hip hop/queens hip hop/rap,Nas (Explicit Version),Hero,4Z91Xh9bjKLWR1gDvvVdHn,0.676,0.913,4,-5.198,0,0.109,3.54e-06,0.224,0.39,94.994,240000,4,0.0,2013-10-29T11:04:51Z
Tinie Tempah,dance pop/grime/pop rap,Demonstration,5 Minutes,0cNdiLwd0nCBkktWCsg5JR,0.602,0.97,5,-3.469,0,0.291,0,0.92,0.216,100.012,314703,4,4.0,2013-11-04T09:43:05Z
2Pac,g funk/gangster rap/hip hop/rap/west coast rap,Loyal To The Game,Ghetto Gospel,2MQ51y5NhCyva4SgWmK2Me,0.794,0.614,5,-5.352,0,0.0467,0,0.0789,0.663,80.569,237633,4,0.0,2013-11-04T19:21:16Z
Eminem,detroit hip hop/hip hop/rap,The Marshall Mathers LP2 (Deluxe),So Much Better,5C82dqoMqAibC8UBAi9Arf,0.554,0.856,5,-1.369,0,0.285,0,0.743,0.627,83.446,261387,4,0.0,2013-11-05T11:13:37Z
Eminem,detroit hip hop/hip hop/rap,The Marshall Mathers LP2 (Deluxe),So Far...,5YOWbD3iHDE11kT7jLgenK,0.85,0.934,0,-3.506,1,0.362,0,0.256,0.672,98.047,317581,4,0.0,2013-11-05T11:17:46Z
Eminem,detroit hip hop/hip hop/rap,The Monster,The Monster,6ilfuI7O1vUfKf4TQ9fJRb,0.785,0.859,9,-3.673,1,0.0775,0,0.0631,0.603,110.012,250907,4,0.0,2013-11-05T14:40:20Z
Tinie Tempah,dance pop/grime/pop rap,Demonstration,Someday (Place in the Sun) [feat. Ella Eyre],22xPuOJfPCbTatar07lEwJ,0.655,0.811,7,-5.469,0,0.223,0,0.0648,0.194,85.993,261347,4,10.0,2013-11-12T16:06:21Z
Hoodie Allen,indie pop rap,Fame Is for Assholes (feat. Chiddy),Fame Is for Assholes (feat. Chiddy),3qBv5MeGjWwN2Ap2bBIR4b,0.816,0.696,9,-5.644,0,0.0511,0,0.0585,0.671,114.009,197994,4,24.0,2013-11-12T16:06:59Z
Tinie Tempah,dance pop/grime/pop rap,Demonstration,A Heart Can Save the World (feat. Emeli Sandé),6c0JJ7Al6gXdMIvAxYyysT,0.638,0.852,11,-7.083,0,0.0972,0,0.128,0.147,117.027,221973,4,3.0,2013-11-12T16:07:24Z
Tinie Tempah,dance pop/grime/pop rap,Demonstration,Heroes (feat. Laura Mvula),2cPMCwFdjvuVOkKvx9CqcP,0.593,0.886,5,-4.457,0,0.112,0,0.316,0.372,105.921,224840,4,2.0,2013-11-12T16:07:34Z
Wyclef Jean,rap kreyol,Greatest Hits,Perfect Gentleman,7bVeIwMoakhx9SzB0NMn98,0.835,0.808,0,-8.18,1,0.284,0,0.34,0.561,136.024,250400,4,0.0,2013-11-12T16:08:51Z
Wyclef Jean,rap kreyol,"Sweetest Girl (Dollar Bill) (feat. Akon, Lil' Wayne & Niia)","Sweetest Girl (Dollar Bill) (feat. Akon, Lil' Wayne & Niia)",4liGjmhCupa7RP9JaQELYx,0.733,0.744,1,-3.51,1,0.0553,0,0.341,0.529,92.515,241133,4,59.0,2013-11-12T16:08:57Z
Tinie Tempah,dance pop/grime/pop rap,Demonstration,Lover Not a Fighter (feat. Labrinth),2oYCIP6NNP4xwK1G352VVD,0.278,0.813,6,-5.918,0,0.257,0,0.331,0.536,86.395,208413,4,12.0,2013-11-12T16:09:58Z
Eminem,detroit hip hop/hip hop/rap,The Marshall Mathers LP2 (Deluxe),Love Game,2HLbZPvi1GHZ8jzLYNltmM,0.779,0.943,9,-2.524,1,0.174,0,0.641,0.696,105.441,296953,4,0.0,2013-11-16T15:43:35Z
Eminem,detroit hip hop/hip hop/rap,The Marshall Mathers LP2 (Deluxe),Beautiful Pain,0mwXfPCm4AMaz9J0Cn7FXJ,0.682,0.813,6,-4.549,0,0.443,0,0.136,0.435,165.439,265025,4,0.0,2013-11-20T19:42:01Z
Tinie Tempah,dance pop/grime/pop rap,Demonstration,It's OK (feat. Labrinth),0JHWEWlADlJrbT7kDIhKvA,0.67,0.873,1,-4.438,0,0.238,0,0.0411,0.31,95.077,269093,4,10.0,2013-11-22T22:28:55Z
Hoodie Allen,indie pop rap,All American,No Interruption,2yJVeT8cP1zstJxRP7Nlv8,0.497,0.706,1,-6.455,1,0.0667,0,0.224,0.55,103.0,215241,4,60.0,2013-11-23T10:21:13Z
Eminem,detroit hip hop/hip hop/rap,The Marshall Mathers LP2 (Deluxe),Legacy,2Ammarl4cQ1TCaGzf39u7K,0.668,0.896,9,-3.76,0,0.454,0,0.193,0.564,164.012,296269,4,0.0,2013-11-29T17:32:04Z
Eminem,detroit hip hop/hip hop/rap,Recovery,No Love,52JyHLUiugFECIYBWM2qdh,0.735,0.932,11,-2.86,1,0.224,0,0.175,0.318,129.583,299507,4,0.0,2013-12-04T18:15:59Z
Outkast,atl hip hop/dirty south rap/hip hop/old school atlanta hip hop/rap/southern hip hop,Stankonia,B.O.B. - Bombs Over Baghdad,3WibbMr6canxRJXhNtAvLU,0.746,0.978,9,-5.324,1,0.0978,4.11e-05,0.026,0.653,153.809,304227,4,65.0,2013-12-14T14:15:02Z
Flipsyde,oakland hip hop,We The People,Angel,0tRvyeMtk2ENN9wnuCxuPf,0.73,0.743,6,-5.141,1,0.0373,0,0.0893,0.514,90.256,266707,4,0.0,2013-12-14T22:12:05Z
Aloe Blacc,pop soul/r&b,Wake Me Up,The Man,1PxTFIjG0IjuQDILHr4bXJ,0.52,0.761,11,-7.196,0,0.0478,0,0.2,0.486,86.012,255840,4,0.0,2013-12-21T01:12:42Z
Aloe Blacc,pop soul/r&b,Good Things,I Need A Dollar,25R6UFrB9DKhEWkNhOLe5u,0.843,0.483,8,-7.168,0,0.0332,0,0.0867,0.96,95.551,244373,4,0.0,2013-12-21T01:12:52Z
Chiddy Bang,indie pop rap/philly rap/pop rap,The Preview,All Things Go,7oqFD0dazBj3efKygcIZlB,0.493,0.833,1,-7.338,1,0.142,5.48e-05,0.0659,0.914,90.092,189493,4,29.0,2013-12-21T01:17:08Z
Chiddy Bang,indie pop rap/philly rap/pop rap,Breakfast,Happening,7Kyz3i4onDHSxucruTkN2E,0.634,0.828,0,-4.865,1,0.0979,0,0.44,0.878,90.962,196307,4,23.0,2013-12-21T01:17:18Z
Lupe Fiasco,chicago rap/conscious hip hop/hip hop/political hip hop/pop rap/rap/southern hip hop,Lasers,I Don't Wanna Care Right Now (feat. MDMA),5yhXLtQL9waNMjgkl8MsMP,0.731,0.791,10,-4.633,0,0.0364,0,0.0837,0.632,122.007,255680,4,39.0,2013-12-21T01:17:46Z
JAY-Z,east coast hip hop/gangster rap/hip hop/pop rap/rap,Curtain Call (Deluxe),Renegade,0PrLodAzseOnN1EACxuAfV,0.764,0.724,1,-4.748,0,0.368,1.27e-06,0.177,0.826,84.797,336133,4,0.0,2013-12-21T01:49:41Z
Childish Gambino,atl hip hop/hip hop/rap,because the internet,V. 3005,2HojE0jZT7ftlfn6IbaSES,0.472,0.446,6,-6.943,0,0.358,0,0.104,0.605,166.283,234213,4,0.0,2013-12-30T11:21:03Z
Childish Gambino,atl hip hop/hip hop/rap,Camp (Deluxe Edition),Heartbeat,4ms5iozKkRN7xCwujtXRTk,0.797,0.552,1,-6.783,0,0.103,0.000282,0.0681,0.264,119.961,269893,4,1.0,2013-12-31T13:37:00Z
Kanye West,chicago rap/hip hop/rap,Late Registration,Touch The Sky,6mxyfdyF4LD7PctU3UNyjF,0.524,0.845,9,-4.912,1,0.348,0,0.434,0.553,98.388,236286,1,0.0,2014-01-03T23:32:18Z
Kanye West,chicago rap/hip hop/rap,Graduation (Alternative Business Partners),Homecoming,1inwRCAEYHy6e7J0y1nnHx,0.667,0.747,1,-7.059,1,0.189,0,0.115,0.918,86.917,203493,4,0.0,2014-01-03T23:36:46Z
Kanye West,chicago rap/hip hop/rap,The College Dropout (Explicit),Jesus Walks,79ek2oolIYyGUO4aVK5IY2,0.637,0.834,3,-4.686,0,0.323,0,0.317,0.715,87.312,193733,4,0.0,2014-01-03T23:40:53Z
Kanye West,chicago rap/hip hop/rap,Late Registration,Diamonds From Sierra Leone - Remix - Album Version (Explicit),2d5NhldpaetRQBVbNveDkK,0.672,0.814,7,-3.768,1,0.27,0,0.192,0.38,96.994,232943,4,0.0,2014-01-03T23:41:11Z
JAY-Z,east coast hip hop/gangster rap/hip hop/pop rap/rap,The Black Album (Explicit),Moment Of Clarity,6bUlshRLW7M36cAXRhWUzV,0.716,0.832,1,-3.539,1,0.368,0,0.667,0.604,82.136,264067,4,0.0,2014-01-03T23:44:42Z
Eminem,detroit hip hop/hip hop/rap,The Marshall Mathers LP,The Way I Am,1dIlO8NNKs99ar0IsY1xdM,0.805,0.871,4,-2.778,0,0.245,0,0.316,0.334,87.338,289267,4,0.0,2014-01-03T23:49:36Z
Eminem,detroit hip hop/hip hop/rap,Curtain Call (Deluxe),Stan,4QVOTT9CM2ftSLwnYGNDjd,0.781,0.74,6,-5.065,0,0.208,2.27e-06,0.449,0.527,80.056,404427,4,0.0,2014-01-04T00:07:02Z
Pusha T,gangster rap/hip hop/pop rap/rap/southern hip hop/trap/virginia hip hop,"Trouble On My Mind (feat. Tyler, The Creator)",Trouble On My Mind,6Cr4GuonfqCCFIqSSOGTBG,0.655,0.794,2,-6.195,1,0.374,2.75e-05,0.307,0.591,172.206,213440,4,0.0,2014-01-13T15:23:22Z
Ty Dolla $ign,hip hop/pop rap/r&b/southern hip hop/trap/trap soul,Paranoid (feat. B.o.B),Paranoid (feat. B.o.B),1rEHQCkmLYY0CDrIborSoF,0.867,0.495,5,-7.71,1,0.0461,0,0.111,0.265,97.486,216268,4,52.0,2014-01-17T23:03:45Z
B.o.B,atl hip hop/dance pop/pop rap/rap/southern hip hop,Underground Luxury,One Day,0yUDiCsgGIwQSbrG6uuJue,0.613,0.502,1,-8.81,0,0.313,0,0.195,0.151,93.094,285107,4,26.0,2014-01-18T15:06:05Z
B.o.B,atl hip hop/dance pop/pop rap/rap/southern hip hop,Underground Luxury,Paper Route,36UhpBVXyKAf6BHLjp9y3K,0.649,0.846,0,-5.138,0,0.245,0,0.177,0.563,172.159,212173,4,35.0,2014-01-18T15:06:25Z
B.o.B,atl hip hop/dance pop/pop rap/rap/southern hip hop,Underground Luxury,John Doe (feat. Priscilla),0NIIKjRSjFVfjkgcgWlgQu,0.722,0.697,10,-7.083,1,0.0404,0,0.062,0.487,120.132,212006,4,41.0,2014-01-18T15:06:38Z
Roy Jones Jr.,unknown,"Body Head Bangerz, Vol. 1",Can't Be Touched (feat. Mr. Magic & Trouble),3zmduBNsQ6BPDTZAkXzG5K,0.642,0.777,4,-4.809,0,0.094,0,0.227,0.413,96.986,214400,4,74.0,2014-01-27T21:56:54Z
B.o.B,atl hip hop/dance pop/pop rap/rap/southern hip hop,Underground Luxury,Nobody Told Me,6kxgE6qfqrXsKWMWSbUxaB,0.753,0.675,0,-5.598,1,0.0842,0,0.0922,0.158,104.89,203707,4,27.0,2014-01-27T21:58:00Z
Childish Gambino,atl hip hop/hip hop/rap,because the internet,II. Earth: The Oldest Computer (The Last Night),0TSGxGy0TZTcZFQZ57hCG3,0.553,0.707,2,-7.024,1,0.0515,0.000142,0.0475,0.134,139.96,282418,4,0.0,2014-01-30T19:14:04Z
L.O.C.,danish hip hop/danish pop,Marquis,Marquis,1BS1U2sQ4I4itw8MhZbM1y,0.625,0.726,1,-7.246,0,0.308,0,0.495,0.576,145.884,178677,4,0.0,2014-01-30T20:18:37Z
L.O.C.,danish hip hop/danish pop,Sakrilegium,1. Klasse,7h7lGGS1KwNXf9tD3oPxAQ,0.677,0.612,1,-7.578,1,0.189,5.7e-06,0.618,0.292,94.799,199204,4,0.0,2014-01-30T20:28:58Z
Childish Gambino,atl hip hop/hip hop/rap,because the internet,II. Shadows,5RiixDVJlPWGoAJA6NNxaj,0.619,0.74,1,-9.558,1,0.186,0.0359,0.352,0.37,116.367,231746,4,0.0,2014-01-30T20:44:04Z
Kendrick Lamar,conscious hip hop/hip hop/rap/west coast rap,"good kid, m.A.A.d city",m.A.A.d city,439TlnnznSiBbQbgXiBqAd,0.487,0.729,2,-6.815,1,0.271,4.07e-06,0.44,0.217,91.048,350120,4,70.0,2014-01-30T20:48:03Z
Kendrick Lamar,conscious hip hop/hip hop/rap/west coast rap,"good kid, m.A.A.d city (Deluxe)",Poetic Justice,3MLOAIJNWWS8FQpvdaiKR7,0.779,0.572,6,-9.985,0,0.378,0,0.246,0.647,135.956,300160,4,63.0,2014-01-30T20:48:59Z
Kanye West,chicago rap/hip hop/rap,The College Dropout (Explicit),Get Em High,1d4UPgmb1tvFpPDKjDwFr6,0.614,0.644,11,-5.672,0,0.373,0,0.489,0.649,84.788,289493,4,0.0,2014-02-04T16:30:54Z
Kanye West,chicago rap/hip hop/rap,Graduation (Alternative Business Partners),Good Life,5ms35iZF8uOH31RHwuiY7H,0.439,0.808,1,-6.881,1,0.346,0,0.439,0.487,82.962,207000,4,0.0,2014-02-04T16:49:23Z
Devlin,grime/uk hip hop,Watchtower,(All Along The) Watchtower - Radio Edit,3q8gaiM1ZgCVPkSAj55AG4,0.584,0.92,10,-3.376,0,0.134,0,0.0837,0.516,107.008,219156,4,0.0,2014-02-05T14:19:42Z
Hoodie Allen,indie pop rap,Make It Home (feat. Kina Grannis),Make It Home (feat. Kina Grannis),2qBd0YOOb5fv1FcbiuPuhL,0.657,0.761,11,-5.228,1,0.112,0,0.115,0.492,90.019,197555,4,42.0,2014-02-05T14:20:02Z
Kaveh,unknown,Snufs,Snufs,1Y4th7i3YGtYzEkT3EsfmN,0.495,0.772,7,-4.505,1,0.422,0,0.399,0.642,80.088,234307,4,0.0,2014-02-05T14:21:59Z
Kid Ink,pop rap/rap/southern hip hop/trap,My Own Lane,Hello World,5BvSj9CWEgLHcvNC7D51un,0.651,0.811,11,-4.99,0,0.0841,1.44e-05,0.304,0.159,144.04,205373,4,0.0,2014-02-05T14:36:53Z
Kid Ink,pop rap/rap/southern hip hop/trap,My Own Lane,Main Chick,1vS1Rd10oLbmggo9GwOswt,0.775,0.496,10,-5.652,1,0.0354,0,0.526,0.204,95.072,197813,4,0.0,2014-02-05T14:36:58Z
Hopsin,conscious hip hop/indie pop rap,Ill Mind of Hopsin 5 - Single,Ill Mind of Hopsin 5,7dDLHlyZJBqEWSndlPWyCT,0.737,0.707,1,-11.113,1,0.448,0,0.393,0.561,98.121,289004,4,59.0,2014-02-06T17:30:18Z
L.O.C.,danish hip hop/danish pop,Sakrilegium,Min,3dO2wiQeRqT81sGya5OsVK,0.675,0.632,0,-7.511,1,0.164,0,0.145,0.553,128.004,183667,4,0.0,2014-02-06T18:40:07Z
L.O.C.,danish hip hop/danish pop,Sakrilegium,V.S.S.B.,6O1KEshZdCtf8zQt3DdN0k,0.63,0.657,11,-7.293,0,0.29,0.000429,0.146,0.127,88.057,225522,4,0.0,2014-02-06T18:40:16Z
Karen,unknown,Har det hele (feat Karen & Jooks),Har det hele (feat Karen & Jooks),15ueUvi3gGSy2cHYHRvLdI,0.77,0.628,7,-8.66,1,0.102,0.00639,0.125,0.897,127.928,213329,4,19.0,2014-02-06T19:09:14Z
Sexion d'Assaut,french hip hop/french pop/pop urbaine/rap conscient,Best of,T'es bête ou quoi ?,6HDaAgD4QxGO82zfBkXbt6,0.572,0.867,10,-6.021,0,0.343,0,0.383,0.581,103.445,249053,4,35.0,2014-02-06T20:30:55Z
GIMS,french hip hop/french pop/r&b francais/rap conscient,Subliminal (La face cachée),Bella,1vELwZM3uBYWd8HrtddD4l,0.781,0.944,9,-2.64,0,0.0615,0.0795,0.117,0.965,103.003,226480,4,65.0,2014-02-06T20:31:08Z
Sexion d'Assaut,french hip hop/french pop/pop urbaine/rap conscient,Best of,Casquette à l'envers,4agb7RD4GSNvCPAMMXeDPw,0.599,0.7,1,-6.459,1,0.366,0.000181,0.0489,0.865,93.563,283880,4,26.0,2014-02-06T20:31:14Z
Tyga,hip hop/pop rap/rap/trap,Careless World: Rise Of The Last King,Far Away - Album Version (Edited),3UtY0LeB4yURFML85a5Am7,0.643,0.712,3,-6.244,1,0.0476,0,0.151,0.534,92.037,206520,4,17.0,2014-02-08T21:12:03Z
Kanye West,chicago rap/hip hop/rap,The College Dropout (Explicit),All Falls Down,4FHu9bOzBjZurx89CMa42L,0.657,0.734,8,-4.832,0,0.484,0,0.139,0.434,91.03,223507,4,0.0,2014-02-09T10:52:13Z
Kid Ink,pop rap/rap/southern hip hop/trap,My Own Lane,No Miracles,7rhO2w41GB4GiyEgKQr6fB,0.59,0.699,1,-6.046,1,0.0774,0,0.0929,0.428,168.062,276907,4,0.0,2014-02-09T18:43:37Z
Hopsin,conscious hip hop/indie pop rap,Raw,Sag My Pants,2fpzSINgTCbf4sS7LH39G5,0.871,0.567,2,-9.264,1,0.364,0,0.0551,0.794,97.422,219089,4,57.0,2014-02-09T18:44:32Z
Kriminell Kunst,norwegian hip hop,Fyssta Sjevå,Di Bare Snakke (feat. Bvis),2JiPnJfP1eU76FjDaihZ2S,0.74,0.793,1,-7.4,1,0.0997,0,0.214,0.22,133.047,198532,4,9.0,2014-02-10T11:14:48Z
Hoodie Allen,indie pop rap,All American,Small Town,3MK9arv6I3lGQkAOANmZ5L,0.676,0.885,11,-5.844,0,0.049,0,0.325,0.864,126.978,214364,4,36.0,2014-02-10T21:04:21Z
Chris Brown,pop rap/r&b/rap,Love More,Love More,5xGIqIiGr1do6RRpIviwGG,0.885,0.612,1,-6.651,1,0.0475,0.000758,0.0751,0.496,104.974,189853,4,0.0,2014-02-11T21:24:34Z
L.O.C.,danish hip hop/danish pop,Libertiner (Remastered),Ung for evigt,5sRsA6Tgftopg39TefJcJ0,0.494,0.781,8,-6.297,1,0.0774,1.75e-06,0.19,0.334,128.253,200927,4,39.0,2014-02-13T17:23:36Z
L.O.C.,danish hip hop/danish pop,"Prestige, Paranoia, Persona Vol. 1",Jeg Er Judas (feat. Gigolo Jesus),6kaSj9Fj3HE3KZdtkwIUGo,0.545,0.805,4,-6.145,0,0.271,3.32e-06,0.779,0.354,96.348,269693,4,0.0,2014-02-13T17:23:58Z
Meek Mill,hip hop/philly rap/pop rap/rap/southern hip hop/trap,"MMG Presents: Self Made, Vol. 1",Ima Boss (feat. Rick Ross),7sjwaBQ6M3aVigYfBjm1sL,0.37,0.87,5,-2.09,1,0.271,0,0.604,0.331,79.092,250240,4,66.0,2014-02-15T21:43:48Z
Hopsin,conscious hip hop/indie pop rap,Hop Is Back - Single,Hop Is Back,6e7yZQcJ81Nkvq94H5nWbh,0.57,0.845,1,-7.163,1,0.407,0,0.442,0.601,175.82,203356,4,30.0,2014-02-15T21:48:21Z
L.O.C.,danish hip hop/danish pop,"Prestige, Paranoia, Persona Vol. 1",Skyd Mig Ned (feat. Pernille Vallentin),23E5m9dR5Z0nS0IE9AU1Ni,0.515,0.859,7,-4.792,1,0.346,0,0.129,0.391,80.705,218773,4,0.0,2014-02-15T21:53:19Z
Hopsin,conscious hip hop/indie pop rap,Knock Madness,The Fiends Are Knocking,5NVGzONJngUL1XUAK7oo6W,0.554,0.868,8,-6.297,1,0.269,0,0.455,0.44,88.433,310227,4,35.0,2014-02-15T21:58:52Z
Bliss n Eso,australian hip hop/australian underground hip hop,Circus In The Sky,Act your Age,6nIWjBwBH0A84tXh8gcxQ1,0.719,0.865,2,-5.252,1,0.143,1.47e-06,0.0279,0.961,146.061,159427,4,0.0,2014-02-15T22:04:58Z
Bliss n Eso,australian hip hop/australian underground hip hop,Circus In The Sky,My Life (feat. Ceekay Jones),0IcUfYOtrrtAdHC8SUCfr4,0.555,0.852,9,-6.778,0,0.236,0,0.257,0.4,171.345,217533,4,0.0,2014-02-22T15:59:35Z
Hopsin,conscious hip hop/indie pop rap,Raw,Nocturnal Rainbows,6iVp2prwrEaeh9f18iP2jt,0.608,0.845,10,-5.007,0,0.119,0,0.0712,0.549,81.997,306524,4,51.0,2014-02-22T17:16:13Z
X-Ecutioners,scratch/turntablism,Built From Scratch,It's Goin' Down (feat. Mike Shinoda & Mr. Hahn),7qFEFcjmSAtODGtLYqraCq,0.685,0.89,8,-3.943,0,0.253,0.0107,0.0473,0.878,104.919,248267,4,54.0,2014-02-25T15:14:59Z
Fort Minor,rap rock,Believe Me,Believe Me (feat. Bobo & Styles of Beyond),1l3JsYIACtqHi4LDiB7c4l,0.702,0.978,8,-3.406,1,0.0473,0.000444,0.311,0.668,110.0,222960,4,30.0,2014-02-25T15:18:54Z
Classified,atlantic canada hip hop/canadian hip hop/canadian old school hip hop,Higher (feat. B.o.B),Higher (feat. B.o.B),1UoDxE4HOUH9J6F4yWrcxa,0.686,0.762,2,-5.409,1,0.0719,0,0.104,0.328,92.218,213602,4,36.0,2014-03-22T16:01:21Z
Iggy Azalea,australian hip hop/dance pop/pop,Change Your Life,Change Your Life,3cE22KdSBfKU9mUFZyJlu9,0.681,0.767,2,-5.572,1,0.207,0,0.117,0.687,132.004,220749,4,0.0,2014-03-22T22:43:06Z
Kid Cudi,hip hop/ohio hip hop/pop rap/rap,Man On The Moon: The End Of Day,Soundtrack 2 My Life,6iovySmAVi5FSbQgzTfoAG,0.468,0.753,4,-6.761,0,0.115,1.33e-05,0.368,0.467,86.473,235627,4,44.0,2014-03-22T23:03:12Z
JAY-Z,east coast hip hop/gangster rap/hip hop/pop rap/rap,Watch The Throne (Deluxe),Gotta Have It - Album Version (Edited),3dJRfsuPB7SDGwRUAWmKej,0.729,0.566,4,-6.948,0,0.255,0,0.204,0.319,149.877,140733,4,18.0,2014-03-27T21:34:08Z
JAY-Z,east coast hip hop/gangster rap/hip hop/pop rap/rap,Watch The Throne (Deluxe),Otis - Album Version (Edited),02LR2RXBpeoHerfBNypEj7,0.758,0.633,7,-4.804,0,0.31,0,0.511,0.394,94.572,178187,4,22.0,2014-03-27T21:34:13Z
Flume,australian dance/australian electropop/australian indie/downtempo/edm/indietronica,Flume,On Top,70afe044PTahJnIVjmlKmf,0.528,0.757,6,-5.423,1,0.212,5.53e-05,0.145,0.304,93.007,231106,4,0.0,2014-04-09T13:02:21Z
Kanye West,chicago rap/hip hop/rap,My Beautiful Dark Twisted Fantasy,POWER,2RUFzxyUlI36KKy9Agkqze,0.539,0.907,0,-4.757,0,0.13,0,0.825,0.553,154.0,292093,4,1.0,2014-04-21T20:42:56Z
Kanye West,chicago rap/hip hop/rap,My Beautiful Dark Twisted Fantasy,Gorgeous,1yhQGEykn7ZTNLwcIjOAwZ,0.582,0.737,1,-3.477,0,0.0356,8.04e-05,0.181,0.122,91.914,357653,4,0.0,2014-04-21T20:45:14Z
Rihanna,barbadian pop/pop/urban contemporary,Diamonds (Remix),Diamonds - Remix,2hM1BhWGjxCNZvRLtmz7bC,0.623,0.704,11,-5.317,0,0.11,0,0.112,0.465,92.0,288413,4,0.0,2014-05-17T21:53:07Z
Black Milk,alternative hip hop/detroit hip hop/instrumental hip hop,Tronic,Losing Out feat. Royce da 5'9,5kCAHEDCel0jVMsWcjMHMV,0.546,0.811,10,-6.586,1,0.367,0,0.338,0.614,90.985,295200,4,0.0,2014-05-17T21:53:28Z
Stromae,belgian pop/g-house,Alors On Danse,Alors On Danse,6TprRQQ895PUNw0l8hsgiy,0.683,0.867,1,-3.534,0,0.128,4.21e-06,0.0632,0.667,119.865,214200,4,0.0,2014-05-25T20:51:10Z
Nicki Minaj,hip pop/pop/queens hip hop/rap,Pills N Potions,Pills N Potions,5sbXP9BaCXvlZdu3Qmh0DO,0.488,0.475,2,-10.32,1,0.14,9.39e-06,0.0669,0.22,169.328,268840,4,0.0,2014-06-20T23:48:19Z
Jeremih,chicago rap/pop rap/r&b/trap/urban contemporary,Don't Tell 'Em,Don't Tell 'Em,5rph5sObvxskRcb1JLV70r,0.854,0.537,2,-5.223,1,0.0761,1.19e-06,0.133,0.341,98.037,268453,4,0.0,2014-06-22T21:28:31Z
Brandon Beal,danish pop,Twerk It Like Miley,Twerk It Like Miley,3SjvChamudC5zRfsrElBfH,0.758,0.415,11,-7.576,1,0.377,0,0.0763,0.369,204.015,208480,4,0.0,2014-06-22T21:37:09Z
Bad Meets Evil,detroit hip hop,Hell: The Sequel (Deluxe),Fast Lane,6cTLMb7FncAoQNMUZPFrCT,0.614,0.868,1,-3.833,1,0.28,0,0.231,0.361,115.913,249475,5,0.0,2014-07-09T16:44:48Z
Fort Minor,rap rock,The Rising Tied (Deluxe Edition),Petrified,74tB1XU3EsG8OKePjwUXtg,0.874,0.962,11,-2.729,1,0.107,0.000896,0.0458,0.525,109.976,220347,4,33.0,2014-07-09T17:02:51Z
Kanye West,chicago rap/hip hop/rap,The College Dropout (Explicit),Family Business,4UtUYddZgey5Y8sxqhW9mH,0.744,0.524,1,-7.452,1,0.21,0,0.392,0.606,93.691,278893,4,0.0,2014-07-09T22:10:17Z
Apathy,deep flow/flick hop/outer hip hop/underground rap,"Hell's Lost & Found: It's the Bootleg, Muthafuckas! Vol. 2",Bloc Party (feat. Mike Shinoda & Tak),2ObnmgnPI7mP56cFR6MHr0,0.739,0.861,1,-4.409,1,0.236,0,0.35,0.711,99.746,151360,4,0.0,2014-07-26T14:38:34Z
Eminem,detroit hip hop/hip hop/rap,Recovery,Cinderella Man,318d3zDZXOxJGU24epWw32,0.682,0.908,8,-3.433,1,0.196,0,0.0807,0.673,86.069,279013,4,0.0,2014-07-27T14:24:21Z
Eminem,detroit hip hop/hip hop/rap,The Eminem Show,Sing For The Moment,2Si43OSoa3MW5mmc0mBs36,0.672,0.818,5,-4.209,0,0.109,2.29e-06,0.0612,0.164,164.078,339667,4,0.0,2014-07-27T20:59:09Z
Juicy J,crunk/memphis hip hop/pop rap/rap/southern hip hop/trap,"Shell Shocked (feat. Kill the Noise & Madsonik) [From ""Teenage Mutant Ninja Turtles""]","Shell Shocked (feat. Kill the Noise & Madsonik) - From ""Teenage Mutant Ninja Turtles""",7zBQRGpYImAdIZc97FNj3V,0.596,0.815,6,-5.668,0,0.0755,0,0.174,0.459,165.015,206567,4,66.0,2014-07-27T21:07:10Z
Yepha,danish hip hop/danish pop,Højere Hurtigere Dybere Bredere,Ik' Gør' Det,1ZvxaCWhoZjIBoe4IHcj3k,0.897,0.769,7,-6.019,1,0.185,0,0.0586,0.866,117.006,203293,4,28.0,2014-08-04T15:37:00Z
Eminem,detroit hip hop/hip hop/rap,Recovery,25 To Life,64XdaHjuyOQmVRdqn7aCgB,0.619,0.926,8,-0.975,0,0.257,0,0.208,0.372,79.589,241587,4,0.0,2014-08-05T16:09:29Z
Trey Songz,dance pop/r&b/southern hip hop/trap/urban contemporary,Na Na,Na Na,53nYJhuLN93D8WIDfJd4Rf,0.67,0.476,9,-6.253,0,0.0406,0,0.104,0.235,96.975,231907,4,45.0,2014-08-10T13:29:36Z
Steve Aoki,edm/electro house/pop dance,Delirious (Boneless) (feat. Kid Ink),Delirious (Boneless) (feat. Kid Ink),7sR0j3bGUnugz07ZDtqLU7,0.706,0.912,8,-4.44,0,0.0565,0,0.232,0.925,128.004,223413,4,42.0,2014-08-12T12:35:38Z
Trey Songz,dance pop/r&b/southern hip hop/trap/urban contemporary,Trigga (Deluxe),"Touchin, Lovin (feat. Nicki Minaj)",3eqT34f3rxmm4dR7madDIM,0.813,0.58,11,-6.724,1,0.0746,8.45e-06,0.349,0.443,100.045,221972,4,44.0,2014-08-13T15:08:04Z
Styles Of Beyond,cali rap,Transformers - The Album (Standard Version),Second To None - feat. Mike Shinoda,22lrjJM2tXvloR82TLxxOa,0.736,0.865,4,-6.537,0,0.179,0,0.288,0.844,110.026,187160,4,0.0,2014-08-20T22:41:03Z
ScHoolboy Q,gangster rap/hip hop/pop rap/rap/southern hip hop/trap,Oxymoron (Deluxe),Hell Of A Night,2RK1IiAjWdl6VQYsCKf3k9,0.646,0.833,2,-7.241,0,0.152,0,0.133,0.162,123.967,272453,4,0.0,2014-08-31T14:14:11Z
Lupe Fiasco,chicago rap/conscious hip hop/hip hop/political hip hop/pop rap/rap/southern hip hop,Lupe Fiasco's The Cool,Hip-Hop Saved My Life (feat. Nikki Jean),6N3oYlfZ2RPdjMYdHCRmFS,0.705,0.684,0,-5.759,1,0.145,0,0.206,0.246,100.006,242507,4,53.0,2014-09-01T18:57:49Z
Tinashe,alternative r&b/dance pop/metropopolis/pop/r&b/urban contemporary,2 On (feat. ScHoolboy Q),2 On (feat. ScHoolboy Q),5AzYIo8Y7pvnKtdl2Yflcb,0.738,0.596,6,-7.604,0,0.111,0,0.159,0.39,100.964,230320,4,48.0,2014-09-09T10:41:58Z
Tyga,hip hop/pop rap/rap/trap,Black Thoughts,Tyga Tyga,2oRCYvRFrcokc69gO2JqYZ,0.515,0.817,6,-5.706,0,0.247,0,0.58,0.642,66.152,219333,3,31.0,2014-09-11T18:13:30Z
Eric Bellinger,pop r&b/pop rap/r&b,I Don't Want Her (feat. Problem) - Single,I Don't Want Her (feat. Problem),4FWFBZNx2RTM45tboF1Lzr,0.646,0.712,6,-4.538,0,0.0339,0,0.117,0.616,93.99,194142,4,46.0,2014-09-29T20:36:44Z
Big Sean,detroit hip hop/hip hop/pop rap/r&b/rap/trap,I Don't Fuck With You,I Don't Fuck With You,7p54iuWHqvdeN224OglZ9t,0.82,0.723,1,-5.505,1,0.0656,0,0.347,0.417,97.98,284560,4,0.0,2014-10-26T11:18:28Z
Vinnie Paz,conscious hip hop/philly rap/political hip hop,Carry on Tradition,Is Happiness Just a Word? (feat. Yes Alexander),5yl2eObXV5oNdfKOCdWbiU,0.583,0.919,8,-4.839,1,0.0546,0.00089,0.406,0.511,89.994,239013,4,0.0,2014-11-26T21:15:28Z
J. Cole,conscious hip hop/hip hop/north carolina hip hop/rap,2014 Forest Hills Drive,Wet Dreamz,6Ius4TC0L3cN74HT7ENE6e,0.517,0.705,6,-8.205,0,0.364,0,0.128,0.584,175.906,239320,4,3.0,2014-12-14T12:50:58Z
Chris Brown,pop rap/r&b/rap,X (Deluxe Version),Loyal,7kqcudBGM74MXVoYMaoWkC,0.845,0.506,1,-5.971,1,0.0409,1.03e-06,0.0879,0.647,99.051,264947,4,0.0,2014-12-14T15:54:34Z
Kid Ink,pop rap/rap/southern hip hop/trap,Body Language,Body Language,38VErEiTizjEE6BjsmroFx,0.886,0.529,5,-5.766,0,0.0383,0,0.0997,0.262,99.023,207784,4,0.0,2014-12-14T23:01:32Z
Eminem,detroit hip hop/hip hop/rap,SHADYXV,Detroit Vs. Everybody,3nU6ip6YOygqR3MJjFEb4Z,0.531,0.759,11,-7.002,0,0.387,0,0.318,0.304,175.89,357387,4,46.0,2014-12-14T23:09:58Z
Eminem,detroit hip hop/hip hop/rap,SHADYXV,Die Alone,5tL7NDmnATs0b1vqh0N8nO,0.809,0.698,1,-6.525,0,0.173,0,0.142,0.448,119.994,216480,4,41.0,2014-12-15T11:03:02Z
Chris Brown,pop rap/r&b/rap,Ayo,Ayo,1N1yRlgw2AgZeVndoGRFIk,0.823,0.561,6,-5.1,1,0.0432,0,0.0904,0.635,98.033,226247,4,0.0,2015-01-08T18:02:41Z
Clemens,danish hip hop/danish pop,Ingen Kender Dagen (Platinum Edition),Ingen Kender Dagen,5cXgPlpDURuhDjlkTmxVCG,0.732,0.851,7,-4.684,0,0.0389,0,0.139,0.62,124.988,219960,4,34.0,2015-01-31T17:00:28Z
Clemens,danish hip hop/danish pop,Ingen Kender Dagen (Platinum Edition),Champion,0jfJeUcalb3VEWA06RQODi,0.672,0.848,1,-5.09,1,0.0571,0,0.252,0.492,100.019,275653,4,28.0,2015-01-31T17:00:38Z
Clemens,danish hip hop/danish pop,Øjenåbner (feat. MAIA),Øjenåbner (feat. MAIA),37NLMgzzjauFwmwAPN9fEz,0.762,0.645,1,-6.486,0,0.05,0,0.22,0.563,89.97,216800,4,12.0,2015-02-05T17:06:03Z
JAY-Z,east coast hip hop/gangster rap/hip hop/pop rap/rap,Watch The Throne (Deluxe),Who Gon Stop Me,3U9yv46nVSn3PkLsVcNIcA,0.594,0.73,0,-4.638,0,0.159,0.000164,0.715,0.378,133.88,256707,4,12.0,2015-02-04T17:45:13Z
Kid Ink,pop rap/rap/southern hip hop/trap,Full Speed,Hotel,4wYFAS2o03xNCN12Yi69Gu,0.78,0.581,10,-6.996,0,0.17,0,0.215,0.693,102.87,218880,4,0.0,2015-02-04T18:09:52Z
Kid Ink,pop rap/rap/southern hip hop/trap,Ride Out,Ride Out,5geGLxg6YpZjE3ZQg7PQi2,0.696,0.801,5,-5.641,0,0.0952,0,0.502,0.536,93.003,211909,4,53.0,2015-02-17T22:48:22Z
Tyga,hip hop/pop rap/rap/trap,Hookah,Hookah,0XKcJLESp7Ce0NlzXcKAFs,0.857,0.484,9,-6.578,1,0.267,0,0.14,0.211,95.001,202320,4,0.0,2015-02-18T15:22:24Z
Matoma,pop dance/tropical house,Old Thing Back (feat. Ja Rule and Ralph Tresvant),Old Thing Back (feat. Ja Rule and Ralph Tresvant),6HTJZ0TQJVMSKkUGzAOe2h,0.805,0.858,0,-3.067,1,0.105,7.89e-06,0.256,0.523,97.033,321649,4,65.0,2015-02-18T20:38:27Z
Natalie La Rose,unknown,Somebody,Somebody,7ioiB40H9xKs04QtIso2I3,0.83,0.52,0,-8.714,1,0.0376,1.25e-05,0.0656,0.735,104.99,189907,4,67.0,2015-02-22T20:48:01Z
YG,cali rap/hip hop/pop rap/rap/southern hip hop/trap,My Krazy Life (Deluxe),Who Do You Love?,0n2m8ZiQt4Aqcu6IAfPc96,0.681,0.407,9,-9.795,1,0.504,0,0.0919,0.155,193.122,233507,4,0.0,2015-02-24T16:50:41Z
Chris Brown,pop rap/r&b/rap,Fan of A Fan The Album (Expanded Edition),Nothin' Like Me (feat. Ty Dolla $ign),46Bm6sh2zZRXdBON5QIzIu,0.854,0.547,9,-7.983,0,0.121,0,0.0709,0.431,98.99,245013,4,52.0,2015-02-25T16:31:06Z
Chris Brown,pop rap/r&b/rap,Fan of A Fan The Album (Expanded Edition),Bitches N Marijuana (feat. ScHoolboy Q),3PiLfzEXHrvT1oJKR8PAJt,0.559,0.535,3,-8.136,0,0.274,0,0.105,0.62,96.989,254693,4,60.0,2015-03-01T19:59:13Z
Chris Brown,pop rap/r&b/rap,Fan of A Fan The Album (Expanded Edition),She Goin' Up,2wt0RWfz1Nhec8ipJMDOza,0.789,0.406,6,-9.531,1,0.409,0,0.0655,0.624,97.081,227013,4,48.0,2015-03-01T19:59:28Z
Starting Six,indie pop rap,This Ain't Water,This Ain't Water,12Nd9XldCCFrvReRZSW21k,0.701,0.548,11,-12.075,1,0.124,0,0.372,0.338,102.953,180000,4,0.0,2015-02-26T14:48:06Z
JAY-Z,east coast hip hop/gangster rap/hip hop/pop rap/rap,Watch The Throne (Deluxe),No Church In The Wild,3Osd3Yf8K73aj4ySn6LrvK,0.654,0.75,8,-7.509,0,0.105,0.0178,0.167,0.557,92.78,272507,4,58.0,2015-02-26T16:16:26Z
Ty Dolla $ign,hip hop/pop rap/r&b/southern hip hop/trap/trap soul,Drop That Kitty (feat. Charli XCX & Tinashe),Drop That Kitty (feat. Charli XCX & Tinashe),0Bi1amRigSOIzLc21hOH6p,0.874,0.712,11,-5.667,0,0.0315,0.0887,0.0824,0.585,106.021,216635,4,46.0,2015-03-11T17:20:03Z
Faustix,dakke dak/danish pop,Kig På Hende (feat. Skinz),Kig På Hende (feat. Skinz),2Qzz2vJZrXtXbHBMkNcSSR,0.759,0.671,5,-9.246,0,0.113,5.68e-06,0.133,0.372,98.03,179315,4,25.0,2015-03-25T21:48:30Z
Wiz Khalifa,hip hop/pittsburgh rap/pop rap/rap/southern hip hop/trap,See You Again (feat. Charlie Puth),See You Again (feat. Charlie Puth),7wqSzGeodspE3V6RBD5W8L,0.689,0.481,10,-7.503,1,0.0815,1.03e-06,0.0649,0.283,80.025,229526,4,3.0,2015-03-26T10:10:02Z
Snoop Dogg,g funk/gangster rap/hip hop/pop rap/rap/west coast rap,Tha Blue Carpet Treatment,Imagine,3RFBeo5yY5GxOYoJvtwAoF,0.803,0.627,6,-3.787,0,0.443,0,0.248,0.638,87.105,282187,4,0.0,2015-04-06T21:23:01Z
Rag'n'Bone Man,neo soul,Wolves,Hell Yeah (feat. Vince Staples),2SWWWu4jTeuL8oHIOhSc5W,0.487,0.841,2,-5.187,0,0.354,1.08e-06,0.163,0.455,74.808,234320,4,39.0,2015-04-11T09:08:16Z
B.o.B,atl hip hop/dance pop/pop rap/rap/southern hip hop,B.o.B Presents: The Adventures of Bobby Ray,"Airplanes, Pt. II (feat. Eminem & Hayley Williams of Paramore)",2bnDTGikdoO8CwzlAPyBHR,0.665,0.878,6,-4.745,0,0.206,0,0.0663,0.394,93.047,319293,4,60.0,2015-04-13T06:36:36Z
Rihanna,barbadian pop/pop/urban contemporary,Loud,Love The Way You Lie (Part II) - Pt. 2,6M6lsQB4OhqL41eld29PeC,0.469,0.833,10,-4.487,1,0.165,0,0.056,0.402,166.526,296227,4,66.0,2015-04-13T19:38:29Z
Tinie Tempah,dance pop/grime/pop rap,Disc-Overy,Till I'm Gone (feat. Wiz Khalifa),08COXcaETx8JB5nsVK2QSu,0.723,0.891,5,-4.31,0,0.131,0,0.379,0.884,163.995,213766,4,41.0,2015-05-10T10:46:49Z
A$AP Rocky,east coast hip hop/hip hop/rap/trap,"Everyday (feat. Rod Stewart, Miguel & Mark Ronson)","Everyday (feat. Rod Stewart, Miguel & Mark Ronson)",0HCVUpGn7trUlx9rOlxZIK,0.394,0.661,4,-8.684,1,0.192,0,0.343,0.335,149.818,260987,4,51.0,2015-06-04T21:06:32Z
Nicki Minaj,hip pop/pop/queens hip hop/rap,Truffle Butter,Truffle Butter,1H6FVVPoDB5R9SOkPLW2zz,0.896,0.674,10,-6.89,0,0.0499,1.83e-05,0.12,0.516,105.096,219227,4,0.0,2015-06-05T18:31:59Z
Kid Ink,pop rap/rap/southern hip hop/trap,Full Speed,Dolo (feat. R. Kelly),4gXQ1UPlzSVhBhfxmtZFX8,0.749,0.475,2,-7.128,1,0.0837,0,0.154,0.228,95.948,203893,4,0.0,2015-06-05T18:41:01Z
Omarion,dance pop/hip pop/r&b/rap/southern hip hop/trap/urban contemporary,Post to Be (feat. Chris Brown & Jhene Aiko),Post to Be (feat. Chris Brown & Jhene Aiko),6p5abLu89ZSSpRQnbK9Wqs,0.733,0.676,10,-5.655,0,0.0432,0,0.208,0.701,97.448,226581,4,56.0,2015-06-05T18:49:04Z
Machine Gun Kelly,ohio hip hop/pop rap,A Little More,A Little More,3X1NtmzbH96nUAQrdyPWgU,0.631,0.759,7,-6.273,1,0.0479,0.00554,0.199,0.237,90.065,238347,4,0.0,2015-06-05T19:08:34Z
Yelawolf,alabama rap/detroit hip hop,Love Story,American You,1a7UOhC2k05klM0mPQGhwu,0.753,0.752,9,-5.028,1,0.128,0,0.111,0.363,82.982,212147,4,0.0,2015-06-12T15:52:45Z
Mac Miller,hip hop/pittsburgh rap/pop rap/rap,Donald Trump - Single,Donald Trump,3uulVrxiI7iLTjOBZsaiF8,0.636,0.901,1,-7.094,0,0.118,0,0.391,0.836,162.994,165908,4,5.0,2015-06-12T16:24:30Z
Mac Miller,hip hop/pittsburgh rap/pop rap/rap,Knock Knock - Single,Knock Knock,3uYm4MtU6jUQft2DtGqEoZ,0.667,0.922,4,-4.857,0,0.128,0,0.364,0.509,108.952,202807,4,7.0,2015-06-12T20:05:13Z
Kid Cudi,hip hop/ohio hip hop/pop rap/rap,Man On The Moon: The End Of Day (Int'l Version),Up Up & Away,5CGDrFkXmbdetIgUt77V9g,0.661,0.881,10,-6.226,0,0.0887,3.19e-05,0.364,0.58,119.972,227360,4,56.0,2015-06-12T20:11:18Z
Machine Gun Kelly,ohio hip hop/pop rap,Lace Up,Invincible,2Ff58Djqll3IPWXZgeaDGy,0.405,0.858,1,-5.254,1,0.431,0,0.151,0.288,183.599,185733,4,0.0,2015-06-12T20:12:29Z
Machine Gun Kelly,ohio hip hop/pop rap,Half Naked & Almost Famous - EP,Half Naked & Almost Famous,2Z1qnXu7q7AjA7A6fOMvo5,0.686,0.885,6,-3.312,1,0.104,0,0.159,0.495,105.032,171773,4,0.0,2015-06-12T20:17:03Z
Ne-Yo,dance pop/pop/r&b/urban contemporary,She Knows,She Knows,7wAMpsM82ECmBRcdffvMiK,0.707,0.599,8,-4.401,0,0.0318,0,0.547,0.597,140.006,221073,4,0.0,2015-06-14T10:43:00Z
Kid Ink,pop rap/rap/southern hip hop/trap,Be Real,Be Real,2aYzt5nE3tBUMahasMUoOl,0.762,0.611,9,-5.462,0,0.0876,0.000315,0.141,0.386,99.934,206760,4,0.0,2015-06-14T10:43:51Z
Kid Ink,pop rap/rap/southern hip hop/trap,"Show Me (feat. Trey Songz, Juicy J, 2 Chainz & Chris Brown) [Remix]","Show Me (feat. Trey Songz, Juicy J, 2 Chainz & Chris Brown) - Remix",141P7NlXMEOGbaJIrvGqvi,0.787,0.485,7,-8.299,1,0.114,0,0.246,0.537,97.987,273010,4,51.0,2015-06-17T11:16:43Z
Tyga,hip hop/pop rap/rap/trap,Careless World: Rise Of The Last King,Rack City,0srwKuJPH8yBzzFUJMBQM2,0.929,0.339,1,-10.881,1,0.371,1.96e-05,0.187,0.273,98.986,203200,4,69.0,2016-05-13T10:38:01Z
Fort Minor,rap rock,Welcome,Welcome,5EHHMikaYxhe7N6h0gBvkn,0.679,0.784,2,-5.194,1,0.0393,4.41e-06,0.101,0.431,115.005,213320,4,49.0,2015-06-23T18:05:59Z
Omarion,dance pop/hip pop/r&b/rap/southern hip hop/trap/urban contemporary,I'm Up (feat. Kid Ink & French Montana),I'm Up (feat. Kid Ink & French Montana),1hlwA8qvXx0Bl6iYuDbIuD,0.793,0.505,6,-7.061,0,0.138,0,0.0413,0.704,97.998,201336,4,50.0,2015-06-28T11:12:45Z
N-Dubz,grime/talent show,I Swear,I Swear - (Explicit Version),60kDT3XxbopRXVrJOy5xUl,0.538,0.701,9,-6.361,0,0.202,0,0.0889,0.667,99.219,285120,4,27.0,2015-06-28T16:08:46Z
Tinashe,alternative r&b/dance pop/metropopolis/pop/r&b/urban contemporary,All Hands On Deck REMIX (feat. Iggy Azalea),All Hands On Deck REMIX (feat. Iggy Azalea),5rX9fqEGsHnQeEEsc1Cc3J,0.807,0.53,7,-4.236,0,0.0415,7.07e-05,0.236,0.429,97.007,220645,4,49.0,2015-07-20T23:23:26Z
Fetty Wap,new jersey rap/pop rap/rap/southern hip hop/trap,Trap Queen,Trap Queen,3twQx3psUMJKj4wna5d1zU,0.746,0.873,7,-3.803,1,0.128,0,0.354,0.817,148.075,222093,4,42.0,2015-07-21T10:36:40Z
K CAMP,atl hip hop/melodic rap/southern hip hop/trap,Comfortable,Comfortable,4a3Bfx9Q48VjXddJgJmfzw,0.761,0.438,7,-7.501,0,0.0757,0,0.111,0.659,109.928,212813,4,0.0,2015-07-21T10:37:27Z
Miguel,r&b/urban contemporary,How Many Drinks? (feat. Kendrick Lamar),How Many Drinks? (feat. Kendrick Lamar),2dDCkXBbVDI4YR21lrQRK6,0.425,0.6,0,-7.016,0,0.159,4.05e-05,0.127,0.24,88.767,270160,4,54.0,2015-07-21T10:37:53Z
Miguel,r&b/urban contemporary,All I Want Is You,Sure Thing,0JXXNGljqupsJaZsgSbMZV,0.684,0.607,11,-8.127,0,0.1,0.000307,0.191,0.498,81.001,195373,4,89.0,2015-07-21T10:40:28Z
Miguel,r&b/urban contemporary,Coffee (F***ing) (feat. Wale),Coffee (F***ing) (feat. Wale),5OFKWrKbS8iTIGxgjyHDzW,0.543,0.667,8,-7.333,1,0.0633,2.69e-05,0.15,0.196,162.067,314053,4,55.0,2015-07-21T10:41:28Z
Pia Mia,dance pop/pop/post-teen pop,Do It Again,Do It Again,1PTqbs9FV8hSJCS7OOF5OC,0.713,0.552,8,-6.526,1,0.0499,0,0.0879,0.424,95.961,207746,4,0.0,2015-07-21T10:51:58Z
Joey Bada$$,conscious hip hop/hip hop/rap,B4.DA.$$,Paper Trail$,5jNrszQHRIVKmS9Ptb63pe,0.548,0.829,1,-4.103,0,0.285,0,0.537,0.452,93.62,194739,4,20.0,2015-07-21T10:52:40Z
Krept & Konan,grime/uk hip hop,Freak Of The Week,Freak Of The Week,1LDnzO0CPdkzlQA9oxHeh1,0.747,0.569,11,-6.885,0,0.282,0,0.241,0.472,95.004,225037,4,0.0,2015-07-21T10:54:31Z
Nicki Minaj,hip pop/pop/queens hip hop/rap,The Pinkprint (International Deluxe Explicit),The Night Is Still Young,75u9uswC5UMdtv4SQ3xSYf,0.656,0.692,1,-6.145,0,0.0563,0.00305,0.128,0.693,128.017,227560,4,67.0,2015-07-21T11:02:50Z
Nicki Minaj,hip pop/pop/queens hip hop/rap,Pink Friday,Moment 4 Life,39XNWKuuBZK0oaV5YmD2dF,0.651,0.888,11,-3.821,1,0.295,0,0.299,0.371,97.946,279307,4,0.0,2015-07-21T11:03:16Z
ScHoolboy Q,gangster rap/hip hop/pop rap/rap/southern hip hop/trap,Schoolboy Q 2,"3 on (feat. Tinashe, Drake)",267ZRvvVgsGPevJuvEGyug,0.797,0.569,9,-8.554,1,0.112,0,0.296,0.51,101.02,249839,4,0.0,2015-08-14T22:52:52Z
B.o.B,atl hip hop/dance pop/pop rap/rap/southern hip hop,Psycadelik Thoughtz,Love Life (feat. Sevyn Streeter),4BFb06t2AWUA3mWMbIePmA,0.642,0.716,6,-4.642,0,0.0484,0,0.224,0.541,80.941,216876,4,27.0,2015-08-17T14:23:41Z
B.o.B,atl hip hop/dance pop/pop rap/rap/southern hip hop,Psycadelik Thoughtz,Plain Jane,38XFebqKBhqHgNzuRzE0uR,0.784,0.473,4,-9.179,0,0.0363,0,0.0997,0.242,113.919,180642,4,23.0,2015-08-17T14:27:54Z
Flipsyde,oakland hip hop,Believe (feat. Piper) - Single,Believe (feat. Piper),4nMmJoCZoUHsON1yQzl92c,0.707,0.747,4,-6.724,0,0.0414,0.00186,0.25,0.597,94.995,249720,4,15.0,2015-08-17T14:36:00Z
360,australian hip hop,UTOPIA (Clean),Live It Up,4UlbeGdNXJlRzpFbbeqtsD,0.682,0.701,5,-5.555,0,0.052,0,0.102,0.155,111.013,228030,4,22.0,2015-08-17T14:37:43Z
360,australian hip hop,Utopia,Price Of Fame,0IKL2zpoTAAOsU5QUQ4Bfb,0.656,0.813,6,-5.636,1,0.103,0,0.118,0.396,143.178,216653,4,0.0,2015-08-17T14:39:15Z
Flipsyde,oakland hip hop,We The People,U.S. History,4LErL6Bu4y6z5Y8eeCxtBw,0.617,0.861,2,-4.0,1,0.226,0,0.0907,0.522,174.57,313773,4,0.0,2015-08-18T22:13:49Z
Flipsyde,oakland hip hop,We The People,Train,6b2snlkSWlB0qb9REcbrs1,0.599,0.759,2,-5.275,0,0.0489,0,0.119,0.546,178.618,256560,4,0.0,2015-08-18T22:14:30Z
Piper,unknown,Cops and Robbers,Life As A Soldier,5UmrKeU4bpCaHeO2Wf9QbN,0.668,0.908,7,-5.379,1,0.209,0.000394,0.316,0.658,95.014,254920,4,1.0,2015-08-18T22:19:44Z
L.O.C.,danish hip hop/danish pop,Inkarneret,Undskyld,5ilW7s6fQ1h4Nvlcdja74r,0.561,0.518,4,-6.745,0,0.546,0,0.118,0.502,84.826,304133,4,0.0,2015-08-28T19:39:19Z
Emil Stabil,danish hip hop/danish pop,Emil Stabil,Allerede Is,0hmG6iZEQA1pShgiBeNLfK,0.723,0.643,2,-6.138,1,0.0437,3.48e-05,0.356,0.478,91.002,167617,4,0.0,2015-08-28T19:39:46Z
Tyga,hip hop/pop rap/rap/trap,Fuk Wat They Talkin Bout,Stimulated,3vWtNiug49addenxdTmDXf,0.705,0.579,1,-6.952,1,0.341,0,0.0758,0.497,120.006,224001,4,0.0,2015-09-04T14:52:18Z
Fetty Wap,new jersey rap/pop rap/rap/southern hip hop/trap,679 (feat. Remy Boyz),679 (feat. Remy Boyz),5NQbUaeTEOGdD6hHcre0dZ,0.618,0.717,7,-5.738,1,0.318,0,0.625,0.603,190.05,196693,4,76.0,2015-09-06T19:51:18Z
ESV Eastside Villainz,unknown,Checkmate,Creatures Lie Here,75N9pZJD6eeeUCzU9WV2Dt,0.54,0.902,9,-5.694,1,0.193,0,0.115,0.0716,96.293,231262,4,53.0,2015-09-07T19:39:33Z
Ukendt Kunstner,danish hip hop/danish pop,Forbandede Ungdom,Fortæl Dem (feat. Lord Siva),6JIBMriPPgzJvX080yaFdN,0.396,0.56,11,-7.202,0,0.0715,0,0.147,0.289,140.008,240378,4,43.0,2015-09-12T19:44:23Z
Selvmord,danish hip hop,Selvmord,Råbe Under Vand,19GaJB8daJvpfyPZNqcSfU,0.722,0.678,2,-9.355,0,0.171,0.00619,0.0881,0.437,120.775,206293,4,0.0,2015-09-12T20:19:57Z
DJ DX,unknown,Make It a better day,Make It a better day,1OEC2BL3hKLLu3yLrXQCS2,0.627,0.723,9,-9.392,0,0.142,0,0.112,0.325,96.356,181110,4,0.0,2015-09-14T20:02:48Z
Ukendt Kunstner,danish hip hop/danish pop,Neonlys,Neonlys,1fYNJKlLilEEBAKWDKD2vC,0.796,0.801,11,-4.673,1,0.0316,0,0.0965,0.71,124.905,187013,4,57.0,2015-09-12T19:44:24Z
Ukendt Kunstner,danish hip hop/danish pop,Forbandede Ungdom,Gennem Byen,1GeLUnMQ54ZcHi4SWIwXvJ,0.57,0.792,2,-6.027,1,0.196,0,0.12,0.274,80.11,249159,4,54.0,2015-09-12T19:45:31Z
Casey Veggies,underground hip hop,Tied Up,Tied Up,1uIjsJMh5wiWJ3K71eshdr,0.659,0.731,0,-4.667,1,0.172,0,0.303,0.445,94.871,193533,4,43.0,2015-09-21T19:10:28Z
Trey Songz,dance pop/r&b/southern hip hop/trap/urban contemporary,Trigga Reloaded,About You,2ssYQKMqVUkoQgi02PmDPB,0.582,0.564,0,-4.066,0,0.0837,0,0.26,0.718,204.002,196900,4,55.0,2015-09-21T19:27:51Z
Machine Gun Kelly,ohio hip hop/pop rap,Lace Up (Deluxe),All We Have,0nZTlKnYykh53DVSXk4nBZ,0.633,0.843,3,-6.139,1,0.133,0,0.243,0.425,94.995,207120,4,39.0,2015-09-29T07:41:51Z
Machine Gun Kelly,ohio hip hop/pop rap,Lace Up,See My Tears,21QNHj8YVkYXgBMfx8ch0z,0.716,0.683,11,-7.674,0,0.284,0,0.135,0.406,139.942,249627,4,0.0,2015-10-03T08:24:40Z
Karpe,norwegian hip hop/norwegian pop/norwegian pop rap,Hvite menn som pusher 50,Hvite menn som pusher 50,7vKmrZGW8opHdJVZbyCe1i,0.629,0.783,0,-5.309,1,0.157,4.42e-06,0.356,0.475,90.05,236560,4,0.0,2015-11-05T19:33:52Z
Karpe,norwegian hip hop/norwegian pop/norwegian pop rap,Lett å være rebell i kjellerleiligheten din,Lett å være rebell i kjellerleiligheten din,7p31Q6SFArvZ0LWCnGPUTp,0.508,0.722,5,-4.291,0,0.241,0,0.413,0.241,82.747,292134,4,0.0,2015-11-06T10:46:27Z
Looptroop Rockers,conscious hip hop/swedish hip hop/swedish underground rap,The Struggle Continues,Don't Hate the Player,4ic6laTzIMgz17P77UH3SN,0.689,0.67,11,-8.005,0,0.281,0,0.122,0.847,96.956,231453,4,0.0,2015-11-08T14:20:56Z
2Pac,g funk/gangster rap/hip hop/rap/west coast rap,Better Dayz (Explicit Version),My Block - Nitty Remix - Album Version,2bh9H1cDsivDAbpg0hjxA6,0.763,0.565,8,-6.843,0,0.196,0,0.137,0.232,89.993,322573,4,0.0,2015-11-08T14:45:48Z
Jokeren,danish hip hop/danish pop,Dansker,Kun os to (feat. Pauline),3xeTd0crL0NrfJQzfQ7fGF,0.469,0.762,10,-5.408,1,0.0652,0,0.132,0.426,178.091,257893,4,41.0,2015-11-19T21:25:35Z
Suspekt,danish hip hop/danish pop,De Bedste Til Smatten,Helt Alene,64d72rww8AQh6EUFWM1ASc,0.516,0.706,10,-3.168,0,0.236,0.561,0.11,0.203,91.58,264080,4,0.0,2015-11-27T22:06:44Z
Suspekt,danish hip hop/danish pop,Prima Nocte,Proletar (Hvor Jeg Står),4XNxIEYsEjK2Cu67brXBGq,0.663,0.761,1,-5.46,1,0.283,0,0.329,0.629,74.647,233280,4,54.0,2015-11-27T22:09:59Z
Jokeren,danish hip hop/danish pop,Dansker,God stil,0f07MVMO19ItzTPm4RCaCG,0.764,0.762,11,-6.271,0,0.124,0.000376,0.169,0.293,98.982,201698,4,7.0,2015-11-27T22:11:56Z
Ty Dolla $ign,hip hop/pop rap/r&b/southern hip hop/trap/trap soul,Saved (feat. E-40),Saved (feat. E-40),1omIb7BrAk7qwRrCSHJTc5,0.776,0.715,1,-5.553,1,0.11,0,0.12,0.772,103.0,178472,4,34.0,2015-12-02T20:55:31Z
Speakerbox,unknown,CANCELLED - Air: The Mix Album,Pain,0ZwDQceCBtZC5HSppgrjPU,0.789,0.734,5,-9.058,1,0.163,0.119,0.121,0.206,100.374,126720,4,0.0,2015-12-18T00:11:08Z
The Weeknd,canadian contemporary r&b/canadian pop/pop,Beauty Behind The Madness,Losers,1RM7XdyfDnksC1ukt4y67n,0.663,0.491,0,-9.85,0,0.0537,0.000366,0.57,0.329,90.99,281147,4,0.0,2015-12-30T23:46:20Z
Arif,nordnorsk rap/norwegian hip hop/norwegian pop/norwegian pop rap/norwegian trap,HighEnd / Asfalt,Lowkey,2Lo9gOhisqs6gcIeCYaHWk,0.757,0.648,2,-7.311,1,0.0687,4.91e-06,0.163,0.341,99.986,196249,4,0.0,2015-12-30T23:47:51Z
Drake,canadian hip hop/canadian pop/hip hop/pop rap/rap,Take Care (Deluxe),Headlines,6LxSe8YmdPxy095Ux6znaQ,0.636,0.566,6,-7.16,0,0.106,0.000353,0.0917,0.425,151.894,235987,4,81.0,2016-01-02T01:32:08Z
Drake,canadian hip hop/canadian pop/hip hop/pop rap/rap,Take Care (Deluxe),The Motto,4Kz4RdRCceaA9VgTqBhBfa,0.766,0.442,1,-8.558,1,0.356,6.12e-05,0.111,0.39,201.8,181573,4,78.0,2016-01-02T01:32:44Z
Drake,canadian hip hop/canadian pop/hip hop/pop rap/rap,Thank Me Later (Int'l Version),Find Your Love,18PSaTJMLkFNWnW0NWdOAW,0.625,0.613,6,-6.005,0,0.173,0,0.0286,0.738,96.033,208947,4,60.0,2016-01-03T21:35:24Z
Drake,canadian hip hop/canadian pop/hip hop/pop rap/rap,Take Care (Deluxe),Take Care,124NFj84ppZ5pAxTuVQYCQ,0.629,0.515,0,-10.358,0,0.265,1.22e-05,0.0888,0.299,121.845,277387,4,79.0,2016-01-03T21:40:21Z
Kid Ink,pop rap/rap/southern hip hop/trap,Summer In The Winter,Rewind (feat. Akon) (feat. Akon),3NIGNOy2IYovypzQl6QxJZ,0.818,0.458,11,-10.094,1,0.362,0.000254,0.0795,0.577,133.326,240013,5,45.0,2016-01-08T22:30:11Z
Kid Ink,pop rap/rap/southern hip hop/trap,Summer In The Winter,Promise (feat. Fetty Wap),5IZc3KIVFhjzJ0L2kiXzUl,0.797,0.469,8,-8.112,1,0.0646,0,0.0753,0.481,103.057,224240,4,63.0,2016-01-08T22:30:31Z
Kid Ink,pop rap/rap/southern hip hop/trap,Summer In The Winter,Summer In The Winter (feat. Omarion),6ZmHAZo4Tn1b2LMdEic0uC,0.735,0.488,0,-9.073,1,0.212,0,0.131,0.777,99.043,187453,4,40.0,2016-01-08T22:30:58Z
Omarion,dance pop/hip pop/r&b/rap/southern hip hop/trap/urban contemporary,I'm Sayin' (feat. Rich Homie Quan),I'm Sayin' (feat. Rich Homie Quan),1GPWHf45DwSziB91p9Phbm,0.776,0.574,8,-6.03,1,0.197,0,0.267,0.591,100.162,202200,4,42.0,2016-01-08T22:32:52Z
Cap 1,atl trap,"Tonite (feat. 2 Chainz, Jeremih & Verse Simmonds) - Single",Tonite,3ZmgfQ6OgNdpReb28ZWywo,0.843,0.6,7,-5.709,1,0.0783,0,0.104,0.404,99.947,259265,4,32.0,2016-01-08T22:33:00Z
Trevor Jackson,pop r&b,In My Feelings,Rock wit Me (feat. IAMSU!),1UFg9EPjaPAiHl9lurJK0I,0.587,0.625,2,-7.092,1,0.0647,0,0.176,0.231,126.201,204632,5,43.0,2016-01-08T22:34:34Z
Bryson Tiller,kentucky hip hop/r&b/rap,T R A P S O U L,Exchange,43PuMrRfbyyuz4QpZ3oAwN,0.525,0.433,6,-10.598,1,0.185,0,0.135,0.276,160.108,194613,4,81.0,2016-01-08T22:35:12Z
Snakehips,electropop/uk dance,All My Friends (feat. Tinashe & Chance the Rapper),All My Friends (feat. Tinashe & Chance the Rapper),6TaqooOXAEcijL6G1AWS2K,0.681,0.521,0,-5.849,1,0.141,8.41e-05,0.108,0.181,94.997,229747,4,72.0,2016-01-08T22:35:25Z
Elijah Blake,pop r&b,I Just Wanna...,I Just Wanna...,4NzydDfw7fYCQnXfQMmAHw,0.789,0.625,5,-6.09,0,0.0468,5.1e-05,0.246,0.44,130.023,249413,4,0.0,2016-01-08T22:36:00Z
Bryson Tiller,kentucky hip hop/r&b/rap,T R A P S O U L,Don't,3pXF1nA74528Edde4of9CC,0.765,0.356,11,-5.556,0,0.195,0,0.0963,0.189,96.991,198293,4,85.0,2016-01-11T21:16:18Z
Cam Meekins,boston hip hop/indie pop rap,"1993, Vol. 2",Slow Down,1FVYBYEobUyWOo3SCNoHrt,0.612,0.802,8,-4.013,1,0.173,0,0.226,0.771,91.905,240353,4,46.0,2016-01-17T16:16:58Z
Anno Domini Beats,beats,"Soundclick Invasion, Vol. 3",Same Story (feat. Vinnie Paz),3hLQuuIkrzg5RnKA2C6HEY,0.646,0.779,0,-5.187,0,0.0988,0,0.155,0.302,89.754,241399,4,0.0,2016-01-17T16:44:20Z
Karpe,norwegian hip hop/norwegian pop/norwegian pop rap,Hus/hotell/slott brenner,Hus/hotell/slott brenner,0MOR5aY6lGc3rXiHvnRikQ,0.386,0.834,11,-5.408,0,0.47,1.15e-05,0.106,0.641,181.961,272213,4,0.0,2016-02-01T11:31:37Z
Yellow Claw,dutch house/edm/electro house/pop dance,Blood For Mercy,In My Room (feat. Ty Dolla $ign & Tyga),1xQv4unOladJFtLUOy2eb7,0.745,0.869,6,-4.375,1,0.0444,0,0.0799,0.814,104.015,168641,4,0.0,2016-02-03T16:32:44Z
Johnson,danish hip hop/danish pop,Kender du ik' Johnson (Greatest Hits),Kig Forbi,48QHP2patdeTG44Z65jHin,0.505,0.801,6,-4.986,1,0.422,0,0.112,0.327,95.152,216307,4,0.0,2016-02-04T14:28:28Z
J. Cole,conscious hip hop/hip hop/north carolina hip hop/rap,2014 Forest Hills Drive,Love Yourz,4gkl7QbQvBd3TM9PhlWFkI,0.502,0.623,8,-8.812,1,0.44,0,0.119,0.399,75.578,211680,1,0.0,2016-02-10T17:50:32Z
Rihanna,barbadian pop/pop/urban contemporary,ANTI (Deluxe),Work,14WWzenpaEgQZlqPq2nk4v,0.725,0.534,11,-6.238,1,0.0946,0,0.0919,0.558,91.974,219320,4,0.0,2016-02-10T17:53:42Z
Wiz Khalifa,hip hop/pittsburgh rap/pop rap/rap/southern hip hop/trap,Blacc Hollywood (Deluxe),So High (feat. Ghost Loft),0odHj0qIf86vHBsXB30IkZ,0.628,0.629,6,-4.829,0,0.0485,0,0.102,0.3,157.99,249288,4,67.0,2016-02-12T20:31:27Z
Kendrick Lamar,conscious hip hop/hip hop/rap/west coast rap,"good kid, m.A.A.d city (Deluxe)",Money Trees,0UtnpKaReKUg2GquaSxCyD,0.716,0.531,7,-7.355,1,0.122,0,0.224,0.344,71.994,386907,4,74.0,2016-02-27T14:49:38Z
Tinie Tempah,dance pop/grime/pop rap,Girls Like (feat. Zara Larsson),Girls Like (feat. Zara Larsson),0rHVd8h0cFwgLgPFem6S60,0.916,0.804,0,-3.406,1,0.049,1.18e-05,0.0812,0.538,120.028,196000,4,66.0,2016-02-28T18:07:07Z
Omar LinX,canadian hip hop/indie pop rap,City Of Ommz,Little Moment,3uHKcFj0kpC6F7HnZpgQ96,0.62,0.804,1,-4.818,1,0.207,0,0.118,0.576,87.094,210084,4,0.0,2016-03-02T19:55:04Z
GIMS,french hip hop/french pop/r&b francais/rap conscient,Mon coeur avait raison,Est-ce que tu m'aimes ? - Pilule bleue,3a9TMd2Yrza6HXqqlfMtfy,0.779,0.852,2,-3.353,1,0.0651,0,0.212,0.601,119.892,237093,4,73.0,2016-03-19T22:14:42Z
GIMS,french hip hop/french pop/r&b francais/rap conscient,Mon coeur avait raison,Sapés comme jamais (feat. Niska) - Pilule bleue,0CJ31BEjjl1tPIj0CKi9kH,0.842,0.777,6,-3.869,0,0.226,8.67e-06,0.229,0.751,120.081,206787,4,64.0,2016-03-19T22:14:48Z
GIMS,french hip hop/french pop/r&b francais/rap conscient,Mon coeur avait raison,Tu vas me manquer - Pilule bleue,54MFLMtI1lDZXzWCnrL2jo,0.768,0.748,3,-5.095,1,0.0289,0.0313,0.111,0.334,115.958,250893,4,59.0,2016-03-19T22:14:54Z
Kanye West,chicago rap/hip hop/rap,The Life Of Pablo,Famous,7KOcjfiSuMPsQqLXhD0PlN,0.477,0.749,6,-3.662,1,0.101,0,0.115,0.403,173.883,196040,4,0.0,2016-04-08T20:37:25Z
Kanye West,chicago rap/hip hop/rap,The Life Of Pablo,Father Stretch My Hands Pt. 1,1947qHiGxQpqleCxLphoOH,0.712,0.57,7,-4.386,1,0.0564,1.48e-06,0.544,0.37,113.088,135920,4,0.0,2016-04-09T15:01:56Z
Luke Christopher,indie pop rap,TMRW,Lot to Learn,3TRFq09DUgYj1mug6RRqJW,0.405,0.846,6,-3.57,1,0.195,0,0.0666,0.602,82.232,248337,4,59.0,2016-04-10T08:35:02Z
Desiigner,pop rap/rap/southern hip hop/trap/viral trap,Panda,Panda,46THN9jjPWhSqFUu6YsBhv,0.679,0.734,10,-5.542,0,0.444,1.65e-06,0.369,0.245,145.028,247867,4,1.0,2016-04-21T15:19:38Z
G-Eazy,indie pop rap/oakland hip hop/pop rap/rap,When It's Dark Out,Drifting (feat. Chris Brown & Tory Lanez),5sv4LTz8qayQYnXlzaxg2x,0.554,0.758,6,-6.772,0,0.129,0,0.3,0.35,134.897,273253,4,57.0,2016-05-08T13:01:11Z
G-Eazy,indie pop rap/oakland hip hop/pop rap/rap,These Things Happen,I Mean It (feat. Remo),6jmTHeoWvBaSrwWttr8Xvu,0.712,0.562,10,-6.008,1,0.129,0,0.136,0.142,140.0,236480,4,71.0,2016-05-08T13:01:43Z
G-Eazy,indie pop rap/oakland hip hop/pop rap/rap,When It's Dark Out,"Me, Myself & I",40YcuQysJ0KlGQTeGUosTC,0.756,0.674,0,-6.518,0,0.0959,0,0.158,0.389,111.995,251467,4,79.0,2016-05-08T13:01:48Z
G-Eazy,indie pop rap/oakland hip hop/pop rap/rap,When It's Dark Out,Calm Down,7xq3uN2toVZ8IbNzfTucyJ,0.538,0.624,11,-8.794,1,0.325,2.2e-06,0.117,0.409,102.346,127427,4,64.0,2016-05-08T13:01:55Z
G-Eazy,indie pop rap/oakland hip hop/pop rap/rap,These Things Happen,Tumblr Girls (feat. Christoph Andersson),4Fv6wNYUixnYkj3Dgfrls8,0.49,0.373,8,-9.762,1,0.26,0.000105,0.128,0.346,121.889,255680,4,83.0,2016-05-12T08:49:31Z
G-Eazy,indie pop rap/oakland hip hop/pop rap/rap,When It's Dark Out,Nothing to Me (feat. Keyshia Cole & E-40),2tIoKW7EXq9V10Kfg9zrDv,0.541,0.596,4,-10.368,0,0.181,0,0.0901,0.323,80.021,329707,4,41.0,2016-05-12T08:50:08Z
G-Eazy,indie pop rap/oakland hip hop/pop rap/rap,When It's Dark Out,Random,422lAAWQO9TqL1LxIPdhOn,0.603,0.783,9,-6.891,1,0.138,0,0.216,0.182,87.154,180333,4,56.0,2016-05-12T08:52:05Z
Drake,canadian hip hop/canadian pop/hip hop/pop rap/rap,One Dance,One Dance,0JoaFxLgrqbWutREzcZBzS,0.771,0.629,1,-5.79,1,0.0511,0.00252,0.356,0.362,103.918,173975,4,0.0,2016-05-14T09:46:59Z
Drake,canadian hip hop/canadian pop/hip hop/pop rap/rap,Views,U With Me?,1my81o4N4vaHpcMlA3Gj4y,0.442,0.421,2,-11.455,1,0.137,7.23e-06,0.139,0.111,87.694,297373,4,0.0,2016-05-14T11:06:21Z
G-Eazy,indie pop rap/oakland hip hop/pop rap/rap,These Things Happen,Downtown Love (feat. John Michael Rouchell),5lffpGkK5A4SAQdJSfTJso,0.544,0.557,7,-10.554,1,0.0765,0.000125,0.0771,0.105,87.97,326813,4,48.0,2016-05-15T20:17:14Z
G-Eazy,indie pop rap/oakland hip hop/pop rap/rap,Must Be Nice,Marilyn (feat. Dominique Le Jeune),7xmCwWVmWBawnIzRUdg3Nr,0.435,0.641,10,-7.274,1,0.104,0,0.273,0.156,115.534,196216,3,55.0,2016-05-15T20:18:47Z
Drake,canadian hip hop/canadian pop/hip hop/pop rap/rap,Views,Too Good,11KJSRSgaDxqydKYiD2Jew,0.804,0.648,7,-7.805,1,0.117,3.49e-05,0.102,0.392,117.983,263373,4,2.0,2016-05-21T09:28:57Z
ScHoolboy Q,gangster rap/hip hop/pop rap/rap/southern hip hop/trap,Oxymoron (Deluxe),Collard Greens,311fWdp7RrvN4Fuz7sv6Ea,0.826,0.571,11,-4.871,1,0.064,7.38e-06,0.207,0.666,153.972,299960,4,0.0,2016-06-01T14:21:45Z
Drake,canadian hip hop/canadian pop/hip hop/pop rap/rap,Views,Controlla,6F609ICg9Spjrw1epsAnpa,0.607,0.476,10,-11.076,0,0.249,0,0.113,0.347,122.976,245227,5,0.0,2016-06-06T11:45:25Z
Macklemore & Ryan Lewis,pop rap/seattle hip hop,This Unruly Mess I've Made,"Downtown (feat. Melle Mel, Grandmaster Caz, Kool Moe Dee & Eric Nally)",5pfJsMwoRYKampPay8amX0,0.828,0.609,1,-4.402,1,0.0694,1.21e-06,0.291,0.707,109.725,292593,4,68.0,2016-05-22T18:54:01Z
Karpe,norwegian hip hop/norwegian pop/norwegian pop rap,Den islamske elefanten,Den islamske elefanten,7N0QqL8IGxZmw7ERn1ctBp,0.649,0.526,0,-7.147,1,0.0523,0,0.0606,0.319,133.067,245864,4,0.0,2016-06-12T15:29:26Z
Gramatik,downtempo/instrumental hip hop/jazz boom bap/jazztronica/livetronica/slovenian electronic/trip hop,Epigram,Satoshi Nakamoto,2uXidnW2mwi9kk4ZWVr0n5,0.43,0.906,8,-3.285,1,0.331,0,0.0679,0.754,179.619,266671,4,44.0,2016-06-19T12:47:37Z
Gramatik,downtempo/instrumental hip hop/jazz boom bap/jazztronica/livetronica/slovenian electronic/trip hop,Epigram,Native Son,2NcgsjJGXUC04MK1Ly7eea,0.648,0.716,5,-5.205,0,0.272,0,0.0923,0.312,84.981,240031,4,22.0,2016-06-19T12:49:35Z
Gramatik,downtempo/instrumental hip hop/jazz boom bap/jazztronica/livetronica/slovenian electronic/trip hop,Epigram,Back To The Future,5LDGG8mzg9k4Nhi8HavI6s,0.584,0.841,2,-3.665,1,0.189,0,0.105,0.495,90.642,180000,4,24.0,2016-06-19T12:50:03Z
Twenty One Pilots,modern rock/pop/pov: indie/rock,Heathens,Heathens,6i0V12jOa3mr6uu4WYhUBr,0.732,0.396,4,-9.348,0,0.0286,3.58e-05,0.105,0.548,90.024,195920,4,85.0,2016-06-22T10:27:46Z
Macklemore & Ryan Lewis,pop rap/seattle hip hop,This Unruly Mess I've Made,Growing Up (feat. Ed Sheeran),44T13PWJ87jb3lFElhVIHx,0.74,0.549,9,-7.072,1,0.303,0,0.114,0.469,85.16,305240,4,59.0,2016-07-02T19:12:16Z
Macklemore & Ryan Lewis,pop rap/seattle hip hop,This Unruly Mess I've Made,Light Tunnels (feat. Mike Slap),6liGqN48zCba8OPKVu9oDn,0.539,0.852,10,-6.062,0,0.248,0,0.0851,0.518,99.636,397707,4,43.0,2016-07-02T19:13:19Z
Fences,unknown,Arrows (feat. Macklemore & Ryan Lewis),Arrows (feat. Macklemore & Ryan Lewis),2GPaAr882x4ZteZnxywolL,0.679,0.694,7,-3.866,1,0.0483,0,0.213,0.36,129.995,235558,4,40.0,2016-07-02T19:14:26Z
Suspekt,danish hip hop/danish pop,V,Danmark,7mpYQwnSwe99U0beKwPKoF,0.662,0.948,6,-5.643,0,0.379,9.27e-05,0.49,0.284,131.594,238080,4,29.0,2016-07-22T16:49:28Z
KSI,uk hip hop,Friends With Benefits (KSI vs MNDM),Friends With Benefits (KSI vs MNDM),5JHnyHBnkVdcfY5lWRogq5,0.857,0.595,6,-5.987,0,0.0768,0.0248,0.053,0.838,123.997,166572,4,0.0,2016-07-31T21:50:24Z
Lil Wayne,hip hop/new orleans rap/pop rap/rap/trap,Sucker for Pain (with Logic & Ty Dolla $ign feat. X Ambassadors),"Sucker for Pain (with Wiz Khalifa, Imagine Dragons, Logic & Ty Dolla $ign feat. X Ambassadors)",4dASQiO1Eoo3RJvt74FtXB,0.502,0.786,9,-4.378,0,0.317,0,0.65,0.739,169.021,243491,4,77.0,2016-07-31T22:08:22Z
Anderson .Paak,escape room/hip hop/indie soul/neo soul,Come Down (feat. T.I.),Come Down - Feat. T.I.,4aS6R2cSWwkGSbbar9ks4I,0.791,0.94,10,-6.363,0,0.0678,0.00187,0.289,0.965,98.398,283388,4,31.0,2016-08-05T22:50:41Z
Anderson .Paak,escape room/hip hop/indie soul/neo soul,Malibu,Am I Wrong,7gZzWI6yC0Wb8xLcNYoYIg,0.729,0.799,11,-7.378,0,0.0779,0.00218,0.0948,0.532,115.04,253520,4,51.0,2016-08-05T22:50:54Z
Anderson .Paak,escape room/hip hop/indie soul/neo soul,Malibu,Room in Here,0Tovb9LxiQIyKxInGFw3IT,0.643,0.894,6,-4.765,0,0.374,4.73e-06,0.257,0.459,86.985,239173,4,41.0,2016-08-05T22:51:05Z
Vild Smith,danish hip hop/danish pop,Straight Fire,Penge På Dig,6M809jbGrWNBr5czZpNECY,0.844,0.621,0,-6.252,1,0.0389,0,0.0903,0.718,96.995,212226,4,20.0,2016-08-06T18:01:21Z
Macklemore,pop rap/seattle hip hop,The Unplanned Mixtape,Fallin,7nCYx2tac5Jl4GUhbleKNI,0.777,0.581,6,-7.05,0,0.209,1.2e-06,0.111,0.462,78.001,200640,4,41.0,2016-08-12T21:56:28Z
Rag'n'Bone Man,neo soul,Human,Human,3erAiWBiKsbVG39cqCrsI0,0.643,0.698,11,-4.094,1,0.276,0,0.169,0.556,75.073,199413,4,0.0,2016-08-27T19:31:09Z
Rag'n'Bone Man,neo soul,Wolves,Wolves (feat. Stig of the Dump),1bvgrTHjGJgeIsQy2tSqFU,0.797,0.86,2,-2.818,1,0.19,1.48e-06,0.204,0.492,104.022,175507,4,36.0,2016-08-27T19:31:34Z
Karpe,norwegian hip hop/norwegian pop/norwegian pop rap,Gunerius,Gunerius,3qyvjfhpToWScmICohe48a,0.696,0.571,10,-6.642,1,0.0525,4.54e-06,0.107,0.48,125.971,261387,4,0.0,2016-08-29T17:01:23Z
Sia,australian dance/australian pop/pop,The Greatest,The Greatest,3XIIOCu6B8PuGq5j61asEM,0.666,0.723,1,-6.164,1,0.268,0.00047,0.0507,0.739,192.024,210893,4,0.0,2016-09-22T12:49:58Z
Jidenna,ghanaian hip hop/viral trap,Long Live the Chief,Long Live the Chief,25gSVIBOWeUqXG8DnzpCCs,0.874,0.737,11,-3.836,1,0.25,0,0.0803,0.626,85.006,163256,4,0.0,2016-10-15T12:34:41Z
Jidenna,ghanaian hip hop/viral trap,Chief Don't Run,Chief Don't Run,73uw9sUY4d3oHQPWp8sUyW,0.709,0.561,9,-6.775,0,0.0591,1.16e-05,0.164,0.341,94.988,229187,4,0.0,2016-10-15T12:38:15Z
Childish Gambino,atl hip hop/hip hop/rap,because the internet,IV. Sweatpants,0uMUvbkTdjBNZ5UuHZ5PIj,0.644,0.469,1,-9.117,0,0.238,0,0.658,0.615,79.991,180675,4,0.0,2016-10-17T23:00:06Z
Childish Gambino,atl hip hop/hip hop/rap,Kauai,Sober,0PwKsFzNiOTnAus6fj7zJn,0.701,0.6,0,-6.515,1,0.0311,5.01e-05,0.513,0.446,98.029,252013,4,0.0,2016-10-17T23:04:48Z
Childish Gambino,atl hip hop/hip hop/rap,Majestic Casual - Chapter I,We Ain't Them,5D8Uht0XrBMINxQ5v1xCJP,0.474,0.73,1,-9.061,0,0.317,0,0.106,0.26,100.079,193213,4,0.0,2016-10-17T23:06:18Z
Childish Gambino,atl hip hop/hip hop/rap,Kauai,Retro [ROUGH],0i12fTLe3uJIfDaZwO2Z7N,0.86,0.616,5,-5.886,0,0.0404,0.0165,0.112,0.294,109.993,202667,4,0.0,2016-10-17T23:07:03Z
Kendrick Lamar,conscious hip hop/hip hop/rap/west coast rap,Section.80,A.D.H.D,2MYl0er3UZ1RlKwRb5LODh,0.609,0.799,9,-6.883,1,0.24,0,0.108,0.582,157.74,215509,4,6.0,2016-10-17T23:10:03Z
Kendrick Lamar,conscious hip hop/hip hop/rap/west coast rap,To Pimp A Butterfly,King Kunta,1vffte5WTHIik37ePfJdo4,0.884,0.657,6,-4.569,0,0.0977,0,0.154,0.489,107.059,234693,4,0.0,2016-10-17T23:10:13Z
Kendrick Lamar,conscious hip hop/hip hop/rap/west coast rap,Swimming Pools (Drank),Swimming Pools (Drank),7bre6yd84LZ6MFoTppmHja,0.656,0.446,1,-5.897,1,0.265,0.000419,0.088,0.203,74.543,247800,4,0.0,2016-10-17T23:10:18Z
Kendrick Lamar,conscious hip hop/hip hop/rap/west coast rap,"good kid, m.A.A.d city (Deluxe)","Bitch, Don’t Kill My Vibe",5h5tBFnbcVioFXiOixTn6E,0.587,0.698,1,-8.948,1,0.0943,0,0.442,0.0985,133.954,310720,4,69.0,2016-10-17T23:10:25Z
Kendrick Lamar,conscious hip hop/hip hop/rap/west coast rap,"good kid, m.A.A.d city (Deluxe)",Backseat Freestyle,1BR5vhAlaoUiijQ28p6jlN,0.546,0.651,1,-7.601,1,0.3,0,0.235,0.646,77.878,212653,4,60.0,2016-10-17T23:10:47Z
Jidenna,ghanaian hip hop/viral trap,Classic Man (feat. Kendrick Lamar) [Remix],Classic Man (feat. Kendrick Lamar) - Remix,530J9GupahE2O4a1iVkQxB,0.851,0.657,2,-5.161,1,0.0559,0,0.0743,0.644,94.036,235046,4,51.0,2016-10-17T23:12:57Z
Drake,canadian hip hop/canadian pop/hip hop/pop rap/rap,Views,Still Here,4YJmZfvlheSziXem8HBWrj,0.833,0.431,0,-9.604,1,0.194,0,0.633,0.224,133.938,189853,3,0.0,2016-10-24T11:21:18Z
Alicia Keys,neo soul/pop/r&b,Blended Family (What You Do For Love) (feat. A$AP Rocky),Blended Family (What You Do For Love) (feat. A$AP Rocky),39AS0BbUEoAwrBUo6vGUBD,0.714,0.606,9,-5.035,1,0.0541,7.12e-05,0.0839,0.235,97.065,212908,4,33.0,2016-10-24T11:27:19Z
Mustard,cali rap/pop rap/rap/southern hip hop/trap,Don't Hurt Me,Don't Hurt Me,2ssGTwksUnSzFqeMTLJaU7,0.643,0.465,8,-10.562,1,0.461,0,0.0857,0.505,126.79,192995,5,0.0,2016-10-24T11:28:26Z
Big Gigantic,electronic trap/glitch hop,Brighter Future,All of Me,2M71Inc9camxaIGtmQ6I87,0.628,0.877,10,-3.016,0,0.041,0,0.228,0.199,142.034,228169,4,0.0,2016-10-24T11:29:05Z
Bleek Blaze,unknown,Make You Smile (feat. Fetty Wap),Make You Smile,1lJRQhvKEzNh1PkU8X8b6J,0.756,0.677,1,-6.175,1,0.135,0,0.106,0.762,100.083,183458,4,0.0,2016-10-24T11:34:02Z
Machine Gun Kelly,ohio hip hop/pop rap,General Admission,Spotlight,2uutOywTgdFRQPhwYuefOn,0.585,0.621,9,-8.544,0,0.145,0.00014,0.156,0.341,92.74,303600,4,0.0,2016-10-26T20:25:12Z
L.O.C.,danish hip hop/danish pop,Anno XV,Min Homie,40eReB2KZEnRQK5hfx0ONs,0.832,0.673,9,-4.878,1,0.0976,0,0.0892,0.365,99.987,142987,4,0.0,2016-11-02T12:59:41Z
Selvmord,danish hip hop,Anno XV,OK,5ZzHwrgI5K2phNRAfGkdo3,0.521,0.533,0,-7.816,1,0.0537,0.0449,0.635,0.175,114.001,284533,4,0.0,2016-11-02T13:03:39Z
L.O.C.,danish hip hop/danish pop,Anno XV,Ti Fod Høj,4GmJoJwmiTAVRGdfDGeKbs,0.439,0.864,7,-5.328,1,0.228,0,0.0793,0.19,173.979,226453,4,0.0,2016-11-03T10:31:56Z
Nephew,danish pop/danish rock,Anno XV,Hospital - Live,7sEGyMQ6MsIvheZpbL42ko,0.296,0.887,7,-5.859,1,0.0528,0,0.952,0.41,149.821,272453,3,0.0,2016-11-03T11:38:56Z
L.O.C.,danish hip hop/danish pop,Anno XV,Husk,55Da3mW47G3G0KY2A0o36E,0.736,0.503,0,-7.025,1,0.0705,0,0.328,0.45,136.034,240227,4,0.0,2016-11-05T18:21:20Z
Tech N9ne,detroit hip hop/kansas city hip hop,Erbody But Me,Erbody But Me,4vZPGcOnzydjpV7LXJWI1A,0.819,0.694,10,-4.789,0,0.26,0,0.066,0.844,186.136,199625,4,0.0,2016-11-07T08:58:42Z
Macklemore,pop rap/seattle hip hop,Drug Dealer (feat. Ariana DeBoo),Drug Dealer (feat. Ariana DeBoo),2zM1k4PnL573ayLHqpQaQN,0.494,0.612,11,-6.936,0,0.291,0,0.0913,0.216,151.091,223459,4,52.0,2016-11-12T12:37:59Z
A Tribe Called Quest,conscious hip hop/east coast hip hop/golden age hip hop/hip hop/jazz rap/queens hip hop,We got it from Here... Thank You 4 Your service,The Space Program,203xmWRHAyqwW6AkGkhhVM,0.612,0.705,1,-5.898,1,0.352,0,0.658,0.533,101.876,341040,4,48.0,2016-11-22T20:57:34Z
A Tribe Called Quest,conscious hip hop/east coast hip hop/golden age hip hop/hip hop/jazz rap/queens hip hop,We got it from Here... Thank You 4 Your service,Whateva Will Be (feat. Consequence),3z40poMPmOkS6799tbXGKz,0.795,0.604,5,-6.124,0,0.331,1.13e-05,0.641,0.71,92.517,172760,4,51.0,2016-11-22T20:57:59Z
Ankerstjerne,danish pop,Rapper,Alle Vores Helte,7kRO3DGSGQvgv2yU0cjkKq,0.639,0.745,7,-6.345,0,0.126,0,0.0774,0.523,86.104,241987,4,0.0,2016-11-25T20:59:22Z
A Tribe Called Quest,conscious hip hop/east coast hip hop/golden age hip hop/hip hop/jazz rap/queens hip hop,We got it from Here... Thank You 4 Your service,We The People....,3wUX7HpXS382s1DHTRouVk,0.71,0.805,1,-5.471,1,0.0637,0,0.141,0.897,92.601,172013,4,56.0,2016-11-26T09:21:06Z
Mac Miller,hip hop/pittsburgh rap/pop rap/rap,The Divine Feminine,Dang! (feat. Anderson .Paak),5iUQMwxUPdJBFeGkePtM66,0.836,0.67,5,-6.907,0,0.23,0.000355,0.0837,0.556,107.018,305350,4,75.0,2016-11-26T09:26:05Z
Mura Masa,channel islands indie/hyperpop/indie soul/vapor soul,Love$ick,Love$ick,7ox2wvSzqTxQQf55Ggobbl,0.629,0.772,1,-5.056,0,0.158,0.0051,0.265,0.743,88.547,192155,4,0.0,2016-11-26T09:27:14Z
Mac Miller,hip hop/pittsburgh rap/pop rap/rap,GO:OD AM,Weekend (feat. Miguel),6GnhWMhgJb7uyiiPEiEkDA,0.843,0.435,8,-8.442,1,0.178,0,0.147,0.19,120.058,208080,4,78.0,2016-12-01T09:30:56Z
Machine Gun Kelly,ohio hip hop/pop rap,Bad Things,Bad Things - With Camila Cabello,6H2TKJ9KJfcq6MRmw2cF20,0.689,0.692,2,-4.756,1,0.133,0,0.184,0.285,137.832,239280,4,0.0,2016-12-01T11:38:28Z
Sage The Gemini,hyphy/pop rap/southern hip hop/trap,Now and Later,Now and Later,43jBqV3j3Xi1g6wO0bhIMd,0.781,0.57,11,-5.874,0,0.188,0,0.196,0.858,107.059,193181,4,54.0,2016-12-02T22:19:02Z
Childish Gambino,atl hip hop/hip hop/rap,Camp,Bonfire,0rmpInF40bhn6yzOoPpath,0.503,0.761,8,-5.801,1,0.314,0,0.308,0.261,161.925,193187,4,0.0,2016-12-08T13:46:32Z
J. Cole,conscious hip hop/hip hop/north carolina hip hop/rap,4 Your Eyez Only,Deja Vu,1oqdOL4Zl4nRXoaGRWLUke,0.663,0.411,9,-11.457,1,0.421,0.00016,0.179,0.171,174.002,264747,4,0.0,2016-12-14T19:31:51Z
J. Cole,conscious hip hop/hip hop/north carolina hip hop/rap,4 Your Eyez Only,Immortal,5EqJu4TOYqo3dZ08DdLRCy,0.596,0.422,3,-10.626,0,0.413,3.92e-06,0.127,0.264,183.863,201667,4,0.0,2016-12-14T19:35:41Z
J. Cole,conscious hip hop/hip hop/north carolina hip hop/rap,4 Your Eyez Only,Change,6yIjZliWeKDstbA70wYwm0,0.553,0.523,11,-10.602,0,0.254,0.00102,0.0964,0.232,96.113,331480,4,0.0,2016-12-14T19:38:33Z
2Pac,g funk/gangster rap/hip hop/rap/west coast rap,Nu-mixx Klazzics,Hit 'em Up,6WLTmiz0i2R938j1KMcSVk,0.843,0.804,0,-3.839,1,0.326,0,0.31,0.809,95.155,256693,4,0.0,2017-01-12T18:39:07Z
Nas,conscious hip hop/east coast hip hop/gangster rap/hardcore hip hop/hip hop/queens hip hop/rap,Illmatic XX,N.Y. State of Mind,5zwz05jkQVT68CjUpPwFZe,0.665,0.91,6,-4.682,0,0.223,0,0.227,0.887,84.099,293973,4,60.0,2017-01-12T18:39:49Z
Drake,canadian hip hop/canadian pop/hip hop/pop rap/rap,Relapse: Refill,Forever,31Q9ZTF9x81BDonlObCbvP,0.457,0.906,5,-2.278,0,0.342,0,0.182,0.54,104.02,357707,5,0.0,2017-01-12T18:49:53Z
N.W.A.,conscious hip hop/gangster rap/golden age hip hop/hip hop/old school hip hop/rap/west coast rap,Greatest Hits,Straight Outta Compton - Extended Mix / Edit,3eGBESLT08agei7veoLLlz,0.773,0.947,8,-5.824,1,0.249,0,0.44,0.464,102.146,266194,4,53.0,2017-01-12T18:52:00Z
N.W.A.,conscious hip hop/gangster rap/golden age hip hop/hip hop/old school hip hop/rap/west coast rap,Greatest Hits,Fuck Tha Police,0DFRrABd2ppHhS3QaZuCJ1,0.85,0.837,6,-6.37,0,0.291,0,0.0772,0.737,98.694,343373,4,59.0,2017-01-12T18:52:07Z
Aesop Rock,abstract hip hop/alternative hip hop/conscious hip hop,None Shall Pass,None Shall Pass,5DJTYOAHZEKjNqXpOwnomi,0.707,0.683,0,-8.728,1,0.0683,0.00108,0.108,0.567,116.009,243627,4,0.0,2017-01-15T13:15:46Z
Aesop Rock,abstract hip hop/alternative hip hop/conscious hip hop,Labor Days,Daylight,3COHXcLRK9brRjMolzkD7Y,0.564,0.758,11,-6.85,1,0.283,0.00109,0.376,0.597,92.674,266107,4,0.0,2017-01-18T11:44:13Z
Aesop Rock,abstract hip hop/alternative hip hop/conscious hip hop,Skelethon [Deluxe Version],Zero Dark Thirty,6WQp9DD8UUuoB9wrWxgo1t,0.826,0.897,8,-7.404,1,0.211,7.9e-05,0.26,0.722,106.024,201387,4,0.0,2017-01-18T21:43:02Z
Aesop Rock,abstract hip hop/alternative hip hop/conscious hip hop,The Impossible Kid,Blood Sandwich,3KBptiU3BShNb4993kbDSe,0.562,0.821,7,-6.693,0,0.108,2.77e-05,0.144,0.558,97.669,265333,4,0.0,2017-01-19T09:28:54Z
Aesop Rock,abstract hip hop/alternative hip hop/conscious hip hop,The Impossible Kid,Rings,5vtQOcVlNyqLsqNKkUAP1i,0.808,0.857,1,-5.404,1,0.0978,0.000888,0.767,0.776,127.939,227387,4,0.0,2017-01-19T09:37:24Z
Suspekt,danish hip hop/danish pop,100% Jesus,Står Stadig,5AILgpLHx8CQrbThBfSzNn,0.603,0.81,5,-6.754,1,0.315,0,0.251,0.728,84.519,269640,4,24.0,2017-02-17T18:59:50Z
Diddy,dance pop/east coast hip hop/hip hop/hip pop/pop rap/rap/trap,No Way Out,Victory (feat. The Notorious B.I.G. & Busta Rhymes),2B9aYvlGefTIgKLhM6ia8t,0.609,0.731,9,-6.846,1,0.322,0,0.664,0.685,91.778,296267,4,61.0,2017-02-26T09:23:07Z
Keyshia Cole,hip pop/r&b/urban contemporary,Just Like You,Last Night,24NPziq3dayIMKppeI94Um,0.918,0.857,3,-5.032,0,0.0623,0.0003,0.0855,0.972,121.006,255707,4,64.0,2017-03-06T14:13:34Z
Ed Sheeran,pop/singer-songwriter pop/uk pop,Shape of You (Stormzy Remix),Shape of You - Stormzy Remix,2NHSYwGkAvPHzCinY0KwXo,0.609,0.674,1,-3.007,0,0.202,0,0.203,0.789,127.656,231261,3,55.0,2017-02-26T10:11:25Z
Stormzy,grime/uk hip hop,Gang Signs & Prayer,Shut Up,2LPUvD5DDOO4UYGkWgjI2C,0.468,0.823,4,-3.973,1,0.466,0,0.598,0.941,74.457,179564,4,3.0,2017-02-27T09:17:02Z
Stormzy,grime/uk hip hop,Big For Your Boots,Big For Your Boots,6WWHtYGEr1KCD4rELMVvaM,0.515,0.902,6,-4.729,0,0.383,0,0.093,0.628,174.589,238419,5,0.0,2017-02-27T11:17:31Z
Stormzy,grime/uk hip hop,Know Me From,Know Me From,78gWgWOO4xjYbTbYimvBLQ,0.734,0.725,1,-8.965,1,0.395,0,0.133,0.786,139.967,193714,4,51.0,2017-02-27T11:17:46Z
Stormzy,grime/uk hip hop,Scary,Scary,745Dazbwplj1SDZ8SPKHV5,0.629,0.662,7,-12.353,0,0.68,0,0.141,0.535,137.718,224234,4,47.0,2017-03-05T22:32:02Z
Calvin Harris,dance pop/edm/electro house/house/pop/pop dance/progressive house/uk dance,Slide (feat. Frank Ocean & Migos),Slide (feat. Frank Ocean & Migos),6gpcs5eMhJwax4mIfKDYQk,0.736,0.795,1,-3.299,0,0.0545,1.21e-06,0.254,0.511,104.066,230813,4,73.0,2017-03-08T20:31:44Z
Frank Ocean,lgbtq+ hip hop/neo soul,Blonde,Pink + White,3xKsf9qdS1CyvXSMEid6g8,0.545,0.545,9,-7.362,1,0.107,5.48e-05,0.417,0.549,159.94,184516,3,91.0,2017-03-08T20:31:50Z
Ed Sheeran,pop/singer-songwriter pop/uk pop,÷ (Deluxe),Eraser,7oolFzHipTMg2nL7shhdz2,0.64,0.812,8,-5.647,0,0.0834,0,0.0509,0.914,86.013,227427,4,60.0,2017-03-08T20:32:52Z
Jon Bellion,indie pop rap,All Time Low,All Time Low,7JODxUwDCTvuEVkPMm9eHL,0.458,0.624,0,-4.186,1,0.275,0,0.11,0.634,87.377,219460,4,0.0,2017-03-10T13:42:10Z
Stormzy,grime/uk hip hop,Gang Signs & Prayer,Cold,5gSed1Fd3tdse60Gc0Uuoe,0.732,0.974,1,-2.158,1,0.168,0,0.0853,0.717,137.905,156961,4,0.0,2017-03-20T17:45:59Z
Vince Staples,conscious hip hop/hip hop/rap/underground hip hop,Summertime '06,Norf Norf,7ksRhRXztNfSwm8W7uFq1f,0.924,0.543,7,-6.612,1,0.0854,7.32e-05,0.11,0.104,99.997,183159,4,0.0,2017-04-09T19:34:34Z
Flume,australian dance/australian electropop/australian indie/downtempo/edm/indietronica,Skin,Smoke & Retribution,3w23sQ5FSzCKEviFYf0nSQ,0.754,0.556,8,-7.114,1,0.355,0,0.0987,0.455,120.859,241224,4,8.0,2017-04-09T19:35:06Z
Future,atl hip hop/hip hop/rap/southern hip hop/trap,FUTURE,Mask Off,3rOSwuTsUlJp0Pu0MkN8r8,0.833,0.434,2,-8.795,1,0.431,0.0219,0.165,0.281,150.062,204600,4,50.0,2017-04-12T18:38:15Z
Drake,canadian hip hop/canadian pop/hip hop/pop rap/rap,More Life,Passionfruit,7hDc8b7IXETo14hHIHdnhd,0.809,0.463,11,-11.377,1,0.0396,0.085,0.109,0.364,111.98,298941,4,0.0,2017-04-12T18:38:21Z
Stormzy,grime/uk hip hop,Gang Signs & Prayer,Mr Skeng,3DrMEiTE3yu3yyc6xBDEDz,0.699,0.724,1,-5.126,1,0.223,0,0.0865,0.402,140.157,197452,4,0.0,2017-04-16T19:56:34Z
Logic,conscious hip hop/hip hop/pop rap/rap,Black SpiderMan,Black SpiderMan,4G5JqM7E6bM8E1amFju8QU,0.616,0.868,1,-5.272,1,0.0962,0.000104,0.431,0.309,140.078,331293,4,0.0,2017-04-16T19:56:49Z
Linkin Park,alternative metal/nu metal/post-grunge/rap metal/rock,Good Goodbye (feat. Pusha T and Stormzy),Good Goodbye (feat. Pusha T and Stormzy),0wT2QRF3Z9jiKKd7Gjs4sq,0.697,0.84,9,-4.602,0,0.054,0,0.748,0.452,128.034,211413,4,0.0,2017-04-23T09:18:24Z
Machine Gun Kelly,ohio hip hop/pop rap,At My Best (feat. Hailee Steinfeld),At My Best (feat. Hailee Steinfeld),5DEp4UmhxN7OLnYQacWZhh,0.531,0.786,5,-6.661,1,0.243,0.000316,0.132,0.244,169.892,200733,4,0.0,2017-04-23T09:22:34Z
Joey Bada$$,conscious hip hop/hip hop/rap,ALL-AMERIKKKAN BADA$$,TEMPTATION,7L9g4cPfohScjJ8mGwLQWr,0.775,0.707,10,-5.339,0,0.152,0,0.874,0.78,104.979,244198,4,0.0,2017-05-01T13:55:33Z
Joey Bada$$,conscious hip hop/hip hop/rap,ALL-AMERIKKKAN BADA$$,DEVASTATED,4ntsD33Pgsgk8rUyZLLiUV,0.812,0.628,10,-6.164,0,0.0682,0,0.254,0.485,123.004,207059,4,0.0,2017-05-01T13:55:43Z
Vince Staples,conscious hip hop/hip hop/rap/underground hip hop,BagBak,BagBak,5fIXvEcVEQV5vK3IJapBp3,0.759,0.827,1,-4.518,1,0.0914,0.000313,0.104,0.941,81.995,160507,4,0.0,2017-05-04T07:32:44Z
DJ Khaled,hip hop/miami hip hop/pop rap/rap,I'm the One,I'm the One,72Q0FQQo32KJloivv5xge2,0.599,0.667,7,-4.267,1,0.0367,0,0.134,0.817,80.984,288877,4,1.0,2017-05-14T10:29:22Z
Kendrick Lamar,conscious hip hop/hip hop/rap/west coast rap,DAMN.,HUMBLE.,7KXjTSCq5nL1LoYtL7XAwS,0.908,0.621,1,-6.638,0,0.102,5.39e-05,0.0958,0.421,150.011,177000,4,86.0,2017-05-14T10:35:29Z
Logic,conscious hip hop/hip hop/pop rap/rap,Everybody,1-800-273-8255,5tz69p7tJuGPeMGwNTxYuV,0.62,0.574,5,-7.788,0,0.0479,0,0.19,0.357,100.023,250173,4,78.0,2017-05-14T10:37:04Z
The Notorious B.I.G.,east coast hip hop/gangster rap/hardcore hip hop/hip hop/rap,Life After Death (2014 Remastered Edition),Notorious Thugs - 2014 Remaster,19FsxX4RthRMZGfXkImdCb,0.704,0.873,11,-4.057,0,0.144,5.12e-06,0.24,0.742,154.914,366880,4,69.0,2017-05-16T16:45:34Z
Karpe,norwegian hip hop/norwegian pop/norwegian pop rap,Sulten 2 (Live på NRK P3),Sulten 2 (Live på NRK P3),2kM6eh8JBEzYRbrYZ90Jlq,0.805,0.667,6,-3.975,1,0.0981,0.000265,0.0584,0.843,136.015,208500,4,0.0,2017-05-22T08:07:46Z
Machine Gun Kelly,ohio hip hop/pop rap,bloom,Go For Broke (feat. James Arthur),2zvBDy0N0S6TypMyfOidZX,0.592,0.763,1,-3.334,1,0.366,0,0.0715,0.644,180.084,210947,4,0.0,2017-05-22T10:17:14Z
Khalid,pop/pop r&b,American Teen,Saved,248OFOZef6ShXv6DGgbnxU,0.739,0.448,10,-10.28,0,0.138,0,0.118,0.553,81.044,206533,4,68.0,2017-05-28T10:06:31Z
Kendrick Lamar,conscious hip hop/hip hop/rap/west coast rap,DAMN.,LOVE. FEAT. ZACARI.,5WkPWduQVV8fh7pppm1fqg,0.801,0.58,10,-7.311,1,0.1,0,0.153,0.777,126.062,213400,4,0.0,2017-05-28T11:06:06Z
Khalid,pop/pop r&b,American Teen,Location,152lZdxL1OR0ZMW6KquMif,0.736,0.449,1,-11.462,0,0.425,0.000162,0.0898,0.326,80.126,219080,4,79.0,2017-05-28T11:07:23Z
Benal,danish hip hop/danish pop,Nu,Fri,4bWX1tKWsnnU140vI5mwf8,0.65,0.55,5,-11.471,1,0.453,0,0.12,0.704,165.97,282503,4,45.0,2017-06-29T22:44:26Z
Benal,danish hip hop/danish pop,Uh Babe,Uh Babe,45qOBSqF7nwqUXUsbqJec0,0.765,0.547,8,-7.023,1,0.08,4.51e-06,0.304,0.4,128.143,231680,4,20.0,2017-06-29T22:46:21Z
Benal,danish hip hop/danish pop,Babelfisk,Babelfisk,0VEHopLuv8d63FFRUuN9ZD,0.834,0.595,9,-7.724,0,0.0462,0.000571,0.0965,0.724,123.017,210000,4,17.0,2017-06-29T22:51:34Z
Benal,danish hip hop/danish pop,Nu,Du Har Aldrig Savnet Nogen,6qQ3ltysjyyckQUBj1WRCk,0.917,0.412,11,-10.743,0,0.103,0.000241,0.153,0.598,123.985,213745,4,33.0,2017-06-29T22:54:40Z
Benal,danish hip hop/danish pop,Nu,Sprog,07twXPqKLiwzFONs1dtqDO,0.598,0.215,9,-13.766,0,0.0806,4.5e-06,0.0475,0.381,98.502,192074,4,27.0,2017-06-29T22:54:42Z
Benal,danish hip hop/danish pop,Hiphop,Hiphop,6hZ8By7KCojHP5lGnL5LRL,0.589,0.357,2,-11.496,0,0.516,0.012,0.103,0.283,95.767,173337,4,32.0,2017-06-29T22:59:40Z
Busta Rhymes,east coast hip hop/hardcore hip hop/hip hop/pop rap/rap,We Made It (feat. Linkin Park),We Made It (feat. Linkin Park),3AZ0PJa2Ixf8J8LIxoYeUe,0.62,0.746,11,-6.006,1,0.0552,0,0.0684,0.191,138.454,238067,4,52.0,2017-07-27T18:41:14Z
Linkin Park,alternative metal/nu metal/post-grunge/rap metal/rock,Meteora (Bonus Edition),Hit the Floor,4wHktoSf6C0C0fAO8IIWqs,0.74,0.959,9,-3.692,1,0.193,0,0.0444,0.878,150.007,164213,4,61.0,2017-07-28T08:11:03Z
Yung Dash,unknown,Under the Curtains,Momma I Made It,6pYPata9jPrKlFN804eaZa,0.493,0.804,8,-6.399,0,0.241,0,0.0811,0.655,146.393,235703,4,0.0,2017-09-08T19:01:45Z
DJ Khaled,hip hop/miami hip hop/pop rap/rap,Grateful,Wild Thoughts (feat. Rihanna),1OAh8uOEOvTDqkKFsKksCi,0.671,0.672,0,-3.094,0,0.0688,0,0.118,0.632,97.979,204173,4,77.0,2017-09-11T15:42:47Z
Khalid,pop/pop r&b,American Teen,Young Dumb & Broke,5Z3GHaZ6ec9bsiI5BenrbY,0.799,0.539,1,-6.351,1,0.0421,1.66e-05,0.165,0.394,136.948,202547,4,82.0,2017-09-11T15:43:04Z
Macklemore,pop rap/seattle hip hop,Glorious (feat. Skylar Grey),Glorious (feat. Skylar Grey),3HVr6jTVwBHBa2flM0eURR,0.731,0.794,0,-5.126,0,0.0522,2.59e-05,0.112,0.356,139.994,220454,4,0.0,2017-09-11T15:43:36Z
Benal,danish hip hop/danish pop,Hvor Går Du Hen (feat. Cecilie Noer),Hvor Går Du Hen (feat. Cecilie Noer),5YZvY3moEqYlHL3Z4WjzOt,0.752,0.654,8,-7.823,1,0.149,0.000511,0.18,0.713,99.948,197102,4,11.0,2017-09-16T13:37:50Z
Benal,danish hip hop/danish pop,Hvis Det Virkelig Er Vigtigt,Hele Tiden (feat. Orgi-E),1p5eY3e4TzE47ORta2U8WW,0.864,0.682,2,-6.81,1,0.0964,0,0.0688,0.415,111.001,241478,4,22.0,2017-09-16T13:38:48Z
Benal,danish hip hop/danish pop,Hvis Det Virkelig Er Vigtigt,Hvad Nu (feat. Marie Key),7sGeEwFZaQKM2JQSO1qoUQ,0.72,0.486,0,-10.641,0,0.41,0,0.21,0.432,114.963,200353,4,20.0,2017-09-16T13:39:15Z
Macklemore,pop rap/seattle hip hop,Good Old Days (feat. Kesha),Good Old Days (feat. Kesha),3vGmmVqWM33agHxB19EcAi,0.712,0.51,8,-8.162,1,0.0633,2.46e-05,0.112,0.268,122.964,240507,4,0.0,2017-09-22T07:27:57Z
Hopsin,conscious hip hop/indie pop rap,The Purge,The Purge,1ige00SoW8ezSQztVHPYil,0.728,0.863,7,-7.577,1,0.296,0,0.129,0.581,148.026,203694,4,0.0,2017-09-24T12:58:51Z
Arif,nordnorsk rap/norwegian hip hop/norwegian pop/norwegian pop rap/norwegian trap,Alene,Alene,50cUDnuQ2I61oWTdmgcWdU,0.718,0.637,1,-5.26,0,0.0649,8.03e-05,0.131,0.613,109.014,208279,4,8.0,2017-09-25T12:12:43Z
Arif,nordnorsk rap/norwegian hip hop/norwegian pop/norwegian pop rap/norwegian trap,Kom Så Tok Færdiih,Flexnes,4KAWjOSWDkVwtgUiz8JZNw,0.512,0.531,1,-9.709,0,0.245,0,0.0649,0.482,139.947,354773,4,0.0,2017-09-25T12:12:54Z
NF,hip hop/pop rap,Perception,Let You Down,6mrKP2jyIQmM0rw6fQryjr,0.659,0.716,5,-5.673,0,0.111,0,0.173,0.437,148.015,212120,4,0.0,2017-11-08T10:41:43Z
NF,hip hop/pop rap,Perception,If You Want Love,7Bc5mkJer2ycAG6p2jJNpp,0.643,0.389,0,-10.244,1,0.141,0,0.114,0.259,140.183,199387,4,0.0,2017-11-09T08:31:02Z
Hoodie Allen,indie pop rap,People Keep Talking,All About It (feat. Ed Sheeran),4jX7ylmW6kILaabLqqAyO0,0.738,0.87,1,-5.343,0,0.0844,0,0.14,0.845,89.988,205733,4,41.0,2017-11-13T06:06:36Z
Flobots,conscious hip hop/nerdcore,Fight With Tools,Handlebars,6JH9yWhgbm0y9iAJhCslNc,0.704,0.571,5,-7.136,1,0.0969,0,0.101,0.524,141.888,206813,4,63.0,2017-11-26T12:32:23Z
Joyner Lucas,boston hip hop/hip hop/pop rap/rap,I'm Not Racist,I'm Not Racist,0hL8yBivUahlm1rhQ1a0Xx,0.605,0.613,11,-10.479,0,0.869,0,0.0981,0.336,63.764,408064,3,52.0,2017-12-13T10:27:24Z
Joyner Lucas,boston hip hop/hip hop/pop rap/rap,508-507-2209,I'm Sorry,3dqxngWDgh4tb0VSb83nvc,0.746,0.576,8,-7.461,1,0.414,0,0.074,0.337,110.2,349785,4,58.0,2017-12-13T10:27:26Z
G-Eazy,indie pop rap/oakland hip hop/pop rap/rap,Him & I,Him & I,3YU6vJbjYUG0tiJyXf9x5V,0.589,0.731,2,-6.343,1,0.0868,0,0.308,0.191,87.908,268867,4,0.0,2017-12-14T23:03:02Z
Stormzy,grime/uk hip hop,Gang Signs & Prayer,"Blinded By Your Grace, Pt. 2 (feat. MNEK)",0ihguwGVwKihJ1Nj8fGQlY,0.35,0.613,2,-5.453,1,0.0592,0,0.069,0.224,120.038,230655,4,2.0,2017-12-15T22:26:02Z
Eminem,detroit hip hop/hip hop/rap,Revival,River (feat. Ed Sheeran),5UEnHoDYpsxlfzWLZIc7LD,0.757,0.748,8,-5.794,0,0.473,0,0.0759,0.693,90.052,221013,4,1.0,2017-12-16T11:54:41Z
Kendrick Lamar,conscious hip hop/hip hop/rap/west coast rap,All The Stars (with SZA),All The Stars (with SZA),66kQ7wr4d2LwwSjr7HXcyr,0.705,0.628,5,-5.362,0,0.0489,0.0193,0.0863,0.465,96.799,235540,4,61.0,2018-01-07T12:01:37Z
Karpe,norwegian hip hop/norwegian pop/norwegian pop rap,Rett i foret,Rett i foret,13LoCHeSbhEO3YPyMxjgSY,0.62,0.676,9,-6.57,0,0.0448,0.000538,0.202,0.364,150.02,258770,4,0.0,2018-01-12T10:01:24Z
Aesop Rock,abstract hip hop/alternative hip hop/conscious hip hop,Wu-Tang Meets The Indie Culture,Preservation,4m5zY9PRJvqPRDhDMJwSel,0.699,0.697,2,-5.325,1,0.11,0,0.22,0.348,87.883,146533,4,42.0,2018-01-16T07:44:58Z
NF,hip hop/pop rap,Perception,Lie,3jmBryxkb6KDgqBDHIj9MZ,0.75,0.662,5,-6.526,1,0.119,0,0.235,0.15,95.022,209213,4,0.0,2018-01-16T22:25:07Z
NF,hip hop/pop rap,Perception,10 Feet Down,4fI5Ea4TThfaEGJszi3eH9,0.471,0.846,5,-6.59,1,0.272,1.19e-05,0.271,0.0717,191.982,217107,4,0.0,2018-01-16T22:25:30Z
NF,hip hop/pop rap,NF,All I Have,1YnVFwwTfBZqlPSg3xf7Mh,0.675,0.823,6,-4.225,1,0.0641,4.71e-06,0.256,0.336,135.017,248213,4,0.0,2018-01-16T22:26:00Z
NF,hip hop/pop rap,Therapy Session,Real,0e53w4kAd3d5hriGSPR1vn,0.701,0.859,1,-6.096,1,0.17,0,0.208,0.169,135.012,263040,4,0.0,2018-01-16T22:27:07Z
NF,hip hop/pop rap,Therapy Session,How Could You Leave Us,5meT0eetws9f62FfgvMUqA,0.509,0.715,10,-7.764,0,0.733,0,0.0973,0.0931,82.82,322587,4,0.0,2018-01-16T22:27:27Z
Drake,canadian hip hop/canadian pop/hip hop/pop rap/rap,Signs,Signs,5EnYT6F7wEcdege6mDHEfO,0.801,0.727,0,-4.687,1,0.0606,0.00406,0.112,0.218,107.371,234373,4,0.0,2018-01-18T08:13:14Z
Childish Gambino,atl hip hop/hip hop/rap,Camp (Deluxe Edition),Fire Fly,2dIzmC5a58WkXd6PNvjaeb,0.669,0.891,11,-3.894,0,0.223,0,0.269,0.478,87.558,203547,4,0.0,2018-02-26T13:31:57Z
Childish Gambino,atl hip hop/hip hop/rap,EP (2011 Re-Release),Lights Turned On,48otelBlQznqDX6Uuio485,0.699,0.914,3,-6.769,0,0.212,0,0.35,0.511,125.001,233405,4,52.0,2018-02-28T09:45:32Z
Childish Gambino,atl hip hop/hip hop/rap,Camp (Deluxe Edition),Freaks And Geeks,1kl0Vn0FO4bbdrTbHw4IaQ,0.639,0.868,5,-5.524,1,0.321,0,0.0791,0.797,80.712,217187,4,40.0,2018-02-28T09:50:33Z
Childish Gambino,atl hip hop/hip hop/rap,EP (2011 Re-Release),My Shine,146EkdID2XSngct4gG8NQl,0.435,0.872,0,-6.944,1,0.232,0,0.197,0.292,157.593,212664,4,47.0,2018-02-28T09:57:34Z
Domo Genesis,alternative hip hop/underground hip hop,Genesis,Dapper (feat. Anderson .Paak),2Nh2cMryoXl7BrZoIeN2Pr,0.753,0.594,1,-9.486,0,0.0816,0,0.391,0.562,112.568,193093,4,57.0,2018-02-28T10:20:20Z
Childish Gambino,atl hip hop/hip hop/rap,Camp (Deluxe Edition),Kids,3GPHrGUysobnuvwKJ452TY,0.57,0.48,9,-10.974,1,0.205,0,0.184,0.331,170.01,296840,4,0.0,2018-02-28T12:45:40Z
Danny Brown,alternative hip hop/detroit hip hop/escape room/hip hop/underground hip hop,Grown Up,Grown Up,5vY3orAfkLNGWhyjKpfHFM,0.622,0.758,1,-6.475,0,0.259,0,0.12,0.704,93.188,139931,4,0.0,2018-03-05T08:31:10Z
Danny Brown,alternative hip hop/detroit hip hop/escape room/hip hop/underground hip hop,Old,25 Bucks (feat. Purity Ring),5FKaV2J0xiwRENDsl0bMn4,0.723,0.848,5,-7.11,1,0.0833,0,0.144,0.27,116.021,210880,4,44.0,2018-03-05T08:32:53Z
Gilli,danish hip hop/danish pop,Tranquillo (feat. Branco),Tranquillo (feat. Branco),69T50mZU6jlxdrrZrrxRNW,0.722,0.628,4,-6.895,0,0.0879,0,0.136,0.303,103.007,208544,4,39.0,2018-03-07T10:49:31Z
Gilli,danish hip hop/danish pop,Langsom,Langsom,5fQiM6oa6M00dBNNcS6pSc,0.6,0.658,8,-7.474,0,0.0921,0,0.156,0.518,195.67,209011,4,47.0,2018-03-07T10:49:31Z
A Tribe Called Quest,conscious hip hop/east coast hip hop/golden age hip hop/hip hop/jazz rap/queens hip hop,People's Instinctive Travels and the Paths of Rhythm (25th Anniversary Edition),Can I Kick It?,3Ti0GdlrotgwsAVBBugv0I,0.848,0.666,0,-6.547,1,0.274,0.000699,0.129,0.744,96.662,251573,4,74.0,2018-03-07T14:08:38Z
Lil Dicky,comedy rap/indie pop rap/pop rap,Freaky Friday (feat. Chris Brown),Freaky Friday (feat. Chris Brown),10Igtw8bSDyyFs7KIsKngZ,0.755,0.599,8,-5.042,1,0.224,0,0.109,0.755,133.123,216632,4,71.0,2018-03-28T20:22:04Z
Joyner Lucas,boston hip hop/hip hop/pop rap/rap,Stranger Things,Stranger Things,34I0nBvoE0ZXmqbKiJ5BWS,0.867,0.663,10,-5.838,0,0.178,0,0.117,0.481,121.978,219733,4,62.0,2018-04-02T10:21:38Z
Huncho Jack,melodic rap/trap,"Huncho Jack, Jack Huncho",Saint,5RRw66jDLIzgIqwA7ABJ9o,0.855,0.642,1,-3.701,1,0.0557,0,0.104,0.0696,150.081,140793,4,0.0,2018-04-02T10:29:36Z
Drake,canadian hip hop/canadian pop/hip hop/pop rap/rap,Nice For What,Nice For What,1cTZMwcBJT0Ka3UJPXOeeN,0.567,0.913,8,-6.471,1,0.0736,0.000124,0.114,0.792,93.35,210926,4,5.0,2018-04-07T21:26:08Z
Childish Gambino,atl hip hop/hip hop/rap,"""Awaken, My Love!""",Redbone,2Uvy6SkNqxvnH1W68dymxG,0.745,0.359,1,-10.429,1,0.112,0.00628,0.138,0.55,160.123,326933,4,0.0,2018-04-08T13:39:31Z
XXXTENTACION,emo rap/miami hip hop,?,SAD!,3ee8Jmje8o58CHK66QrVC2,0.74,0.613,8,-4.88,1,0.145,0.00372,0.123,0.473,75.023,166606,4,83.0,2018-04-08T14:27:32Z
XXXTENTACION,emo rap/miami hip hop,?,Moonlight,0JP9xo3adEtGSdUEISiszL,0.921,0.537,9,-5.723,0,0.0804,0.00404,0.102,0.711,128.009,135090,4,84.0,2018-04-09T07:06:25Z
XXXTENTACION,emo rap/miami hip hop,?,changes,7AFASza1mXqntmGtbxXprO,0.669,0.308,11,-10.068,1,0.029,0,0.0984,0.52,64.934,121887,4,79.0,2018-04-09T07:10:25Z
XXXTENTACION,emo rap/miami hip hop,?,the remedy for a broken heart (why am I so in love),4UKCKdYiLN6IMA5ZESUTL7,0.699,0.304,1,-11.192,1,0.0993,0.000993,0.137,0.271,119.705,160184,4,77.0,2018-04-08T14:38:52Z
Selvmord,danish hip hop,Selvmord,Hver Gang Du Går,75MGaFucyZTZl2P43jV1nu,0.464,0.625,7,-8.328,0,0.254,4.94e-05,0.0555,0.291,81.42,217667,4,0.0,2018-04-11T08:09:38Z
A Tribe Called Quest,conscious hip hop/east coast hip hop/golden age hip hop/hip hop/jazz rap/queens hip hop,The Anthology,Electric Relaxation,0eEXcw3JLVXcRxYrVYMy68,0.866,0.534,11,-9.201,1,0.229,0.266,0.0929,0.841,98.243,226133,4,71.0,2018-04-11T08:10:17Z
Cardi B,pop/rap,Invasion of Privacy,Be Careful,2Yl4OmDby9iitgNWZPwxkd,0.82,0.568,6,-8.23,0,0.411,0,0.0952,0.535,152.279,210787,4,70.0,2018-04-17T07:09:05Z
Logic,conscious hip hop/hip hop/pop rap/rap,Bobby Tarantino II,Everyday,4EAV2cKiqKP5UPZmY6dejk,0.667,0.741,1,-4.099,1,0.0378,0,0.0761,0.422,149.908,204747,4,68.0,2018-05-01T07:48:09Z
Logic,conscious hip hop/hip hop/pop rap/rap,Bobby Tarantino,Super Mario World,4SdFDmxUy23F9MltXTc7Tx,0.882,0.656,0,-7.226,1,0.2,0,0.0992,0.419,131.991,177680,4,0.0,2018-05-01T07:48:34Z
Logic,conscious hip hop/hip hop/pop rap/rap,Bobby Tarantino II,Midnight,1GtVGc1UYin3zpMUdNSSpM,0.568,0.607,9,-7.438,0,0.108,0,0.0972,0.269,95.056,241427,4,56.0,2018-05-01T07:51:52Z
Logic,conscious hip hop/hip hop/pop rap/rap,Bobby Tarantino II,Overnight,3s3VVLE1kB7Xk2AoJKlGmr,0.861,0.745,1,-6.77,1,0.0608,1.87e-05,0.141,0.889,150.002,217560,4,51.0,2018-05-01T08:11:20Z
Post Malone,dfw rap/melodic rap/pop/rap,beerbongs & bentleys,Psycho (feat. Ty Dolla $ign),3swc6WTsr7rl9DqQKQA55C,0.75,0.56,8,-8.094,1,0.105,0,0.111,0.459,140.06,221440,4,79.0,2018-05-02T07:49:46Z
Nines,grime/uk hip hop,Yay,Yay,4vXzVpUyvycqpJV5sE1QuT,0.382,0.731,3,-6.299,0,0.197,0,0.136,0.425,81.009,194824,4,56.0,2018-05-06T10:39:17Z
Post Malone,dfw rap/melodic rap/pop/rap,beerbongs & bentleys,Better Now,7dt6x5M1jzdTEt8oCbisTK,0.68,0.578,10,-5.804,1,0.04,0,0.135,0.341,145.038,231267,4,83.0,2018-05-07T21:28:11Z
Post Malone,dfw rap/melodic rap/pop/rap,beerbongs & bentleys,Same Bitches (feat. G-Eazy & YG),688QpQAwqsLdBR6lr13wK1,0.731,0.774,10,-5.273,0,0.0555,3.34e-06,0.114,0.219,100.005,212467,4,65.0,2018-05-07T21:30:29Z
Childish Gambino,atl hip hop/hip hop/rap,Camp (Deluxe Edition),Sunrise,6HLCVehHqmuAiTMVtyuZ7e,0.362,0.677,7,-6.167,1,0.0659,0,0.0915,0.183,83.067,220293,4,0.0,2018-05-20T08:27:53Z
B.o.B,atl hip hop/dance pop/pop rap/rap/southern hip hop,The Upside Down,Is It War,7AQF5N3b0KpqcyvvtahQPW,0.622,0.679,1,-6.216,1,0.108,0,0.176,0.265,170.017,120253,4,48.0,2018-05-29T08:49:25Z
"Tyler, The Creator",hip hop/rap,Flower Boy,See You Again (feat. Kali Uchis),7KA4W4McWYRpgf0fWsJZWB,0.558,0.559,6,-9.222,1,0.0959,7.49e-06,0.109,0.62,78.558,180387,4,92.0,2018-06-06T21:33:37Z
Juice WRLD,chicago rap/melodic rap/rap,Goodbye & Good Riddance,Lucid Dreams,0X8DcetL926BYiPJYstJTc,0.511,0.566,6,-7.23,0,0.2,0,0.34,0.218,83.903,239836,4,0.0,2018-06-08T12:45:28Z
A$AP Rocky,east coast hip hop/hip hop/rap/trap,TESTING,Praise The Lord (Da Shine) (feat. Skepta),7ycWLEP1GsNjVvcjawXz3z,0.854,0.569,5,-8.151,0,0.106,0.0816,0.1,0.294,80.015,205040,4,84.0,2018-06-11T11:52:48Z
A$AP Rocky,east coast hip hop/hip hop/rap/trap,A$AP Forever (feat. Moby),A$AP Forever (feat. Moby),1YmF9PvLhIISIANoMLIYGq,0.469,0.78,10,-6.49,0,0.122,0,0.13,0.444,125.999,233061,4,65.0,2018-06-11T11:53:01Z
Tyga,hip hop/pop rap/rap/trap,Taste (feat. Offset),Taste (feat. Offset),5IaHrVsrferBYDm0bDyABy,0.884,0.559,0,-7.442,1,0.12,0,0.101,0.342,97.994,232959,4,73.0,2018-08-04T07:03:12Z
Skepta,birmingham grime/grime/instrumental grime/uk hip hop,Pure Water,Pure Water,1ATVSVN4kc8S2XE7FdyJi8,0.594,0.776,0,-4.289,1,0.287,0,0.144,0.402,138.149,187399,4,44.0,2018-06-11T11:53:24Z
MARS,norwegian pop rap,MARS,jeg er lei meg,6k2KNDrPtaTEByiK2EnOnB,0.743,0.474,11,-9.76,0,0.059,7.95e-05,0.102,0.321,123.058,210000,4,0.0,2018-06-11T11:57:10Z
Drake,canadian hip hop/canadian pop/hip hop/pop rap/rap,Scorpion,In My Feelings,0bAkKNCQfWkexHFn7fIKns,0.735,0.482,8,-9.445,1,0.139,0.0144,0.448,0.315,181.995,217933,4,0.0,2018-07-21T08:28:12Z
Juice WRLD,chicago rap/melodic rap/rap,Goodbye & Good Riddance,All Girls Are The Same,0XySogm94T51XF5F2jumXm,0.671,0.529,0,-7.226,1,0.307,0.000335,0.0856,0.203,161.989,165820,4,0.0,2018-07-21T08:33:20Z
Juice WRLD,chicago rap/melodic rap/rap,Goodbye & Good Riddance,Lean Wit Me,29tc0GbW0pTSBZSCZF3NWk,0.665,0.651,1,-5.515,1,0.156,0,0.0896,0.237,163.935,175755,4,0.0,2018-07-21T08:33:38Z
Ramz,afroswing/london rap/uk hip hop,Barking,Barking,7amMgNDcObIDkIXv4xcvc2,0.527,0.465,7,-8.055,0,0.227,0,0.0661,0.765,137.033,202827,5,0.0,2018-07-21T08:53:50Z
KIDS SEE GHOSTS,rap,KIDS SEE GHOSTS,4th Dimension,6JyEh4kl9DLwmSAoNDRn5b,0.765,0.542,1,-6.755,1,0.39,1.87e-05,0.609,0.734,171.945,153351,4,70.0,2018-07-21T08:59:51Z
Fugees,east coast hip hop/hip hop/neo soul/new jersey rap,Blunted On Reality/The Score,Ready or Not,6OtlkByM64FzhICejC8TaY,0.601,0.422,10,-13.364,0,0.518,0,0.0839,0.563,132.456,226987,3,0.0,2018-07-21T09:08:07Z
De La Soul,east coast hip hop/golden age hip hop/hip hop/jazz rap,The Grind Date,Rock Co.Kane Flow (feat. MF Doom),6RBMpENxbx74lTdR5SBcaF,0.733,0.67,10,-3.532,0,0.132,0,0.442,0.763,86.983,185267,4,61.0,2018-08-15T10:45:40Z
Eminem,detroit hip hop/hip hop/rap,Kamikaze,The Ringer,2jt2WxXMCD4zjACthkJQVE,0.939,0.551,1,-9.126,1,0.291,0,0.192,0.42,118.552,337941,4,67.0,2018-08-31T12:13:07Z
Eminem,detroit hip hop/hip hop/rap,Kamikaze,Fall,58QhkbaAkLFnn7JwAnAato,0.83,0.546,1,-5.716,1,0.295,0,0.112,0.535,182.973,262494,4,65.0,2018-09-05T09:02:49Z
Eminem,detroit hip hop/hip hop/rap,Kamikaze,Lucky You (feat. Joyner Lucas),60SdxE8apGAxMiRrpbmLY0,0.876,0.786,10,-4.884,0,0.306,0,0.127,0.575,153.068,244679,4,75.0,2018-09-05T09:02:50Z
J. Cole,conscious hip hop/hip hop/north carolina hip hop/rap,2014 Forest Hills Drive,No Role Modelz,62vpWI1CHwFy7tMIcSStl8,0.692,0.521,10,-8.465,0,0.33,0,0.0565,0.463,100.45,292987,4,6.0,2018-09-05T09:12:36Z
J. Cole,conscious hip hop/hip hop/north carolina hip hop/rap,KOD,KOD,7yotKA30dwTKNEGomV9ZsI,0.823,0.783,0,-6.274,1,0.154,0,0.113,0.199,141.882,191437,4,68.0,2018-09-05T09:12:39Z
J. Cole,conscious hip hop/hip hop/north carolina hip hop/rap,4 Your Eyez Only,Neighbors,0utlOiJy2weVl9WTkcEWHy,0.898,0.283,6,-12.335,0,0.356,0.000383,0.11,0.469,138.97,216520,4,75.0,2018-09-05T09:13:16Z
Mac Miller,hip hop/pittsburgh rap/pop rap/rap,Swimming,Ladders,39NDBdU5Xkm5pCFGa5kZtI,0.802,0.463,8,-8.379,1,0.162,0.00531,0.105,0.291,103.961,287040,4,72.0,2018-09-07T21:37:19Z
Mac Miller,hip hop/pittsburgh rap/pop rap/rap,Swimming,Hurt Feelings,5p7GiBZNL1afJJDUrOA6C8,0.69,0.462,8,-8.054,1,0.13,0.00218,0.113,0.325,157.655,245640,4,73.0,2018-09-07T21:37:42Z
Mac Miller,hip hop/pittsburgh rap/pop rap/rap,Swimming,What's the Use?,2dgrYdgguVZKeCsrVb9XEs,0.759,0.492,1,-10.338,0,0.12,0.00989,0.107,0.561,104.974,288640,4,73.0,2018-09-07T21:38:34Z
Mac Miller,hip hop/pittsburgh rap/pop rap/rap,GO:OD AM,100 Grandkids,4z0PnuB07fxtVZZRWsCfxb,0.735,0.749,10,-3.766,0,0.0874,0,0.47,0.373,93.718,278507,4,65.0,2018-09-07T21:41:43Z
J. Cole,conscious hip hop/hip hop/north carolina hip hop/rap,2014 Forest Hills Drive,Fire Squad,4Tjh34RS4ACZ6f6srlDBg8,0.516,0.738,11,-7.209,1,0.414,0,0.621,0.599,175.427,288200,4,0.0,2018-09-09T09:10:25Z
J. Cole,conscious hip hop/hip hop/north carolina hip hop/rap,2014 Forest Hills Drive,Apparently,1HNs07uZxZniPNmniw2GTa,0.8,0.543,5,-9.236,1,0.0911,0,0.116,0.534,133.98,293040,4,1.0,2018-09-11T08:50:13Z
Hopsin,conscious hip hop/indie pop rap,No Shame,Twisted,6IhRlv8u2RGTDWMFG7aNyg,0.677,0.864,1,-3.404,1,0.0998,0.00138,0.174,0.87,140.016,259413,4,0.0,2018-09-19T07:46:18Z
Hopsin,conscious hip hop/indie pop rap,Ill Mind of Hopsin 8,Ill Mind of Hopsin 8,6IY2y3kjjLaNbxW4GLiYQR,0.743,0.787,5,-4.863,0,0.348,0,0.0553,0.71,126.98,390005,4,56.0,2018-09-19T07:41:42Z
Dax,canadian hip hop/ottawa rap,YourWorthIt.org,YourWorthIt.org,3DxtnHDCabvJ1axKuAp3WK,0.636,0.681,5,-7.429,1,0.466,0,0.0775,0.669,100.551,182741,4,1.0,2018-09-19T07:46:27Z
Hopsin,conscious hip hop/indie pop rap,Pound Syndrome,Forever Ill,4KdCJDVnLODYyg69DGI1Hq,0.697,0.694,1,-5.088,1,0.205,0,0.142,0.166,142.048,260520,4,32.0,2018-09-19T07:47:14Z
Hopsin,conscious hip hop/indie pop rap,Pound Syndrome,My Love,3T2UYrkq8BwAvzogAnsVGR,0.703,0.66,9,-9.306,1,0.18,0,0.158,0.404,123.058,312200,4,38.0,2018-09-19T07:49:19Z
Hopsin,conscious hip hop/indie pop rap,No Shame,Black Sheep (feat. Eric Tucker),6JIL2RRcDzQCLXZRSBBvrD,0.624,0.657,5,-6.107,0,0.284,0,0.12,0.605,135.097,316573,4,0.0,2018-09-19T07:50:05Z
Juice WRLD,chicago rap/melodic rap/rap,Wasted (feat. Lil Uzi Vert),Wasted (feat. Lil Uzi Vert),3VFZTYhwAsxTDTiHlm3n1k,0.742,0.579,0,-5.024,1,0.202,0,0.0952,0.502,144.994,258475,4,0.0,2018-09-27T09:52:29Z
Juice WRLD,chicago rap/melodic rap/rap,Legends,Legends,1Knctxx9vGZxpZfF66BIEa,0.594,0.798,4,-5.244,1,0.0844,0,0.143,0.381,142.049,191840,4,73.0,2018-09-27T09:52:44Z
Juice WRLD,chicago rap/melodic rap/rap,Rich And Blind,Rich And Blind,6QNFQJKlZUKr0xlGZ74CZJ,0.638,0.624,10,-5.37,1,0.0798,0,0.0944,0.445,159.937,228720,4,65.0,2018-09-27T09:53:12Z
Miguel,r&b/urban contemporary,War & Leisure,Come Through and Chill (feat. J. Cole & Salaam Remi),1m8WpLYXEiNVZchsWEcCSy,0.461,0.653,6,-8.617,1,0.327,0,0.197,0.588,81.628,322000,1,70.0,2018-09-27T09:56:06Z
Spose,maine hip hop,Why Am I So Happy?,Nobody (feat. Watsky),6nk2tRC3bBMwokGDe8xYQY,0.753,0.838,3,-5.708,1,0.207,0,0.222,0.564,85.016,317462,4,38.0,2018-10-02T07:55:01Z
Ab-Soul,conscious hip hop/hip hop/rap/underground hip hop,Control System,Illuminate (feat. Kendrick Lamar),3tK9aXMLi2QSMvxAS7rpv5,0.719,0.855,3,-5.977,0,0.39,0,0.0696,0.504,132.83,306730,4,54.0,2018-10-02T08:27:13Z
Raury,psychedelic hip hop,All We Need,Crystal Express,58l702tcyPKuXe9br3Grdl,0.757,0.942,9,-6.213,1,0.0459,0.00298,0.154,0.736,119.98,237827,4,47.0,2018-10-02T09:06:18Z
Kendrick Lamar,conscious hip hop/hip hop/rap/west coast rap,"good kid, m.A.A.d city",The Art of Peer Pressure,4Gf6VlNy2E4VVuAkl0y2XW,0.555,0.611,10,-9.216,0,0.356,0.00106,0.273,0.411,94.939,324533,4,52.0,2018-10-09T12:42:10Z
Jay Rock,conscious hip hop/hip hop/rap/southern hip hop/trap,"King's Dead (with Kendrick Lamar, Future & James Blake)","King's Dead (with Kendrick Lamar, Future & James Blake)",51rXHuKN8Loc4sUlKPODgH,0.645,0.705,1,-5.008,1,0.299,0,0.128,0.376,137.133,229670,4,72.0,2018-10-09T13:19:44Z
Kanye West,chicago rap/hip hop/rap,Kanye West Presents Good Music Cruel Summer,New God Flow.1,2Fq5o2kLhNssLiRATRcPFT,0.438,0.946,3,-3.499,0,0.463,0,0.65,0.435,174.01,357320,4,46.0,2018-10-09T13:20:34Z
Logic,conscious hip hop/hip hop/pop rap/rap,YSIV,One Day (ft. Ryan Tedder),7rKKh8AGVXuNXgLBpTBTFH,0.546,0.871,10,-5.81,1,0.148,8.28e-05,0.104,0.303,189.723,198107,4,45.0,2018-10-09T13:25:52Z
Logic,conscious hip hop/hip hop/pop rap/rap,YSIV,The Return,5ZcMWSpUeUPvO87FkSZbJB,0.801,0.958,11,-4.412,0,0.177,0,0.0833,0.652,90.012,252053,4,49.0,2018-10-09T13:26:56Z
Bas,canadian hip hop/queens hip hop/rap/sudanese hip hop/sudanese pop/underground hip hop,Milky Way,Tribe (with J. Cole),0YAQnYt2oB8OdoaeqnHyTI,0.755,0.594,7,-5.906,1,0.216,0,0.107,0.237,178.929,238053,4,68.0,2018-10-20T09:34:37Z
Post Malone,dfw rap/melodic rap/pop/rap,Sunflower (Spider-Man: Into the Spider-Verse),Sunflower - Spider-Man: Into the Spider-Verse,1A6OTy97kk0mMdm78rHsm8,0.753,0.498,2,-5.61,1,0.0504,0,0.0706,0.927,89.95,158053,4,0.0,2018-10-30T15:22:38Z
Benal,danish hip hop/danish pop,Lampeskærm,Lampeskærm,5JOqzbpMM94rhDJ6LQxZX7,0.876,0.618,11,-7.045,0,0.0738,0.000198,0.103,0.743,127.005,192998,4,17.0,2018-11-02T22:26:16Z
Benal,danish hip hop/danish pop,Benjamin Og Albert,Når Du Kigger På Mig (feat. Clara Sofie),4eM9Yrx03O2HHpYcjPS2Ow,0.904,0.694,7,-6.532,1,0.0486,2.42e-06,0.0861,0.436,109.97,198002,4,35.0,2018-11-05T17:27:30Z
Logic,conscious hip hop/hip hop/pop rap/rap,YSIV,Everybody Dies,2Egoo3acImq7hV6TfYV90E,0.784,0.922,2,-3.92,1,0.152,3.48e-06,0.377,0.836,94.082,250213,4,49.0,2018-11-08T21:58:47Z
The Notorious B.I.G.,east coast hip hop/gangster rap/hardcore hip hop/hip hop/rap,Ready to Die (The Remaster; 2015 Remaster),Suicidal Thoughts - 2005 Remaster,00t7QTffOR3SA3L1BvSQVq,0.604,0.501,5,-10.171,0,0.425,9.09e-06,0.091,0.0956,78.61,170213,4,69.0,2018-12-02T23:13:38Z
Mick Jenkins,alternative hip hop/alternative r&b/chicago rap/conscious hip hop/drill/hip hop/underground hip hop,The Water (S),Jazz,6Bqn71zg1dznO7Ck8ykEWc,0.636,0.61,8,-9.665,1,0.119,0.000121,0.113,0.296,125.227,260160,3,0.0,2018-12-03T10:16:17Z
Eminem,detroit hip hop/hip hop/rap,Kamikaze,Good Guy (feat. Jessie Reyez),4g32MdRoqwGKQd3NXIRhpU,0.696,0.634,9,-6.918,0,0.281,0,0.437,0.728,89.973,142192,4,60.0,2018-12-09T11:36:42Z
Dr. Dre,g funk/gangster rap/hip hop/rap/west coast rap,2001,Forgot About Dre,0D8Npw3PzW1srmITkELL3s,0.926,0.733,8,-1.294,1,0.0647,0,0.179,0.65,133.966,222333,4,0.0,2018-12-12T09:07:05Z
Kodak Black,florida drill/florida rap/melodic rap/miami hip hop/rap/trap/trap latino,Dying to Live,ZEZE (feat. Travis Scott & Offset),0FZ4Dmg8jJJAPJnvBIzD9z,0.861,0.603,8,-5.788,0,0.176,0,0.0924,0.504,98.043,228760,4,78.0,2018-12-20T09:57:54Z
Juice WRLD,chicago rap/melodic rap/rap,Goodbye & Good Riddance,Armed And Dangerous,5wujBwqG7INdStqGd4tRMX,0.736,0.67,10,-6.702,1,0.311,0,0.114,0.845,130.032,169999,4,78.0,2019-01-20T13:17:46Z
Eminem,detroit hip hop/hip hop/rap,The Eminem Show,Business,0x60P5taxdI5pcGbqbap6S,0.901,0.813,7,-4.509,1,0.199,1.09e-05,0.144,0.502,96.442,251720,4,72.0,2019-02-14T12:28:21Z
Juice WRLD,chicago rap/melodic rap/rap,Robbery,Robbery,44ShclXTOOnYtt5CnCDeGV,0.708,0.691,2,-5.179,1,0.0442,0,0.222,0.535,79.99,240527,4,0.0,2019-02-27T18:02:59Z
Eminem,detroit hip hop/hip hop/rap,Kamikaze,Greatest,2XTquzYQAdT1Hk78bOUwsv,0.809,0.737,1,-5.186,1,0.108,0,0.341,0.367,80.025,226938,4,62.0,2019-04-08T11:51:29Z
Eminem,detroit hip hop/hip hop/rap,Recovery,W.T.P.,1ne7JVHEPnoncXzQunQVKW,0.77,0.937,9,-2.327,1,0.247,0,0.348,0.685,95.011,238173,4,62.0,2019-04-22T08:12:47Z
Young Thug,atl hip hop/atl trap/gangster rap/melodic rap/rap/trap,The London (feat. J. Cole & Travis Scott),The London (feat. J. Cole & Travis Scott),7DcvwMAiqKJQD1rrdfxSDx,0.796,0.586,4,-6.946,0,0.147,0,0.132,0.179,97.981,200107,4,69.0,2019-06-02T21:38:06Z
Tyga,hip hop/pop rap/rap/trap,Goddamn (feat. A Boogie wit da Hoodie),Goddamn (feat. A Boogie wit da Hoodie),0Zl4G9qcdXV5hVhdOirNHG,0.951,0.573,0,-6.002,0,0.227,0,0.119,0.42,105.052,211040,4,55.0,2019-06-02T21:38:30Z
Lil Tecca,melodic rap/pluggnb/rap,Ransom,Ransom,1kBbgxAUc4HQv7cgIayIDH,0.745,0.642,7,-6.257,0,0.287,0,0.0658,0.226,179.974,131280,4,0.0,2019-08-26T11:31:30Z
NF,hip hop/pop rap,The Search,Time - Edit,1gZFRYcPz3wKevEaNYRwfW,0.665,0.703,8,-3.885,1,0.07,0,0.115,0.257,97.968,230611,4,58.0,2019-08-26T12:33:25Z
Isah,norwegian pop/norwegian pop rap,HALLO,HALLO,1WjLQsbfei4kk9OaVxtfIB,0.891,0.511,0,-6.33,0,0.0586,0,0.076,0.747,106.077,156509,4,49.0,2019-08-26T13:01:56Z
Isah,norwegian pop/norwegian pop rap,Lollipop,Lollipop,3FrPtBZqaa8XKuDGyGSpP2,0.773,0.527,0,-9.223,0,0.147,0,0.254,0.416,138.907,143309,4,0.0,2019-08-26T13:01:58Z
Pusha T,gangster rap/hip hop/pop rap/rap/southern hip hop/trap/virginia hip hop,Coming Home,Coming Home (feat. Ms. Lauryn Hill),0TGyMhttuNwKab2XJMJ1rl,0.579,0.718,1,-4.457,1,0.249,1.97e-05,0.155,0.529,166.223,209947,4,46.0,2019-08-29T11:11:03Z
Lil Nas X,lgbtq+ hip hop,Panini,Panini,68poZGRClFTzLdeRz9X0M2,0.703,0.594,5,-6.146,0,0.0752,0,0.123,0.475,153.848,114893,4,0.0,2019-08-29T11:32:29Z
Lil Tecca,melodic rap/pluggnb/rap,Love Me,Love Me,7Aem1fAapTdGcHwAYyQYU4,0.715,0.435,11,-10.325,0,0.251,0,0.106,0.801,204.077,117680,4,0.0,2019-08-29T11:35:57Z
Sueco,cali rap,fast (Remix) [feat. Offset & A Boogie Wit da Hoodie],fast (Remix) [feat. Offset & A Boogie Wit da Hoodie],2xKQj6P0TgxBVaRiojP2s2,0.821,0.684,7,-5.931,0,0.333,1.58e-06,0.234,0.744,100.054,160063,4,51.0,2019-08-29T11:57:30Z
Post Malone,dfw rap/melodic rap/pop/rap,Hollywood's Bleeding,Circles,51MMC5DogGZAnHil5HQAXg,0.695,0.762,0,-3.497,1,0.0395,0.00244,0.0863,0.553,120.042,215280,4,0.0,2019-09-10T07:51:42Z
Juice WRLD,chicago rap/melodic rap/rap,Bandit (with YoungBoy Never Broke Again),Bandit (with YoungBoy Never Broke Again),6Gg1gjgKi2AK4e0qzsR7sd,0.474,0.631,5,-5.884,0,0.343,0,0.132,0.425,180.051,189323,4,74.0,2019-11-03T09:01:41Z
Stormzy,grime/uk hip hop,Heavy Is The Head,Own It (feat. Ed Sheeran & Burna Boy),4QPEwDdOMhY7rNS05mTyMR,0.817,0.781,7,-4.178,0,0.112,5.21e-06,0.123,0.359,104.0,216707,4,71.0,2020-01-04T19:08:07Z
Stormzy,grime/uk hip hop,Heavy Is The Head,Crown,4CEGyF5A5u5BjweVvkgCsn,0.542,0.581,9,-5.687,1,0.159,1.02e-06,0.0741,0.0857,108.909,213464,4,59.0,2020-01-04T19:09:34Z
Stormzy,grime/uk hip hop,Heavy Is The Head,Wiley Flow,5Rbj8akony3l0NNM5TjH1F,0.716,0.68,5,-4.721,0,0.309,0,0.202,0.475,140.417,207366,4,62.0,2020-01-04T19:09:42Z
Internet Money,pop rap,Somebody,Somebody,735RSTb2xbtWbDtKD9XDYi,0.63,0.671,6,-6.659,0,0.256,0,0.113,0.333,89.921,174333,4,60.0,2020-01-06T11:35:05Z
Stormzy,grime/uk hip hop,Sounds of the Skeng,Sounds of the Skeng,7fuSDngvlH3PJs3MbKVWNu,0.491,0.805,11,-3.226,0,0.299,3.9e-05,0.109,0.382,174.63,214130,5,46.0,2020-01-09T09:39:02Z
Eminem,detroit hip hop/hip hop/rap,Music To Be Murdered By,Darkness,5SiZJoLXp3WOl3J4C8IK0d,0.671,0.623,2,-7.161,1,0.308,7.55e-06,0.643,0.195,75.055,337147,4,60.0,2020-01-17T12:26:38Z
Lil Tjay,brooklyn drill/melodic rap/nyc rap/rap,20/20,20/20,4Hqh0dS4x07zuRw6eBTO7p,0.886,0.336,4,-12.779,1,0.239,0,0.0933,0.536,100.044,230448,4,63.0,2020-02-03T12:31:54Z
Stormzy,grime/uk hip hop,Heavy Is The Head,Audacity (feat. Headie One),6Oq4fiDzKaFMU89dTvM24u,0.678,0.516,1,-4.601,1,0.444,0,0.13,0.11,133.939,245920,4,60.0,2020-03-03T11:59:18Z
Stormzy,grime/uk hip hop,Heavy Is The Head,One Second (feat. H.E.R.),2DdI0KRBuxV5Km0bkm67yh,0.495,0.497,5,-8.367,0,0.0847,6.55e-05,0.115,0.259,125.075,240893,5,58.0,2020-03-03T11:59:32Z
Dave,uk hip hop,Thiago Silva,Thiago Silva,3DKCTIiJ97bS9TGiqcABjo,0.667,0.673,0,-7.574,1,0.323,4e-06,0.0975,0.669,144.256,201964,4,72.0,2020-03-08T15:26:25Z
Dave,uk hip hop,PSYCHODRAMA,Location (feat. Burna Boy),3z4CGd63tpUn9a6oQSG0CI,0.812,0.496,9,-5.969,0,0.297,0,0.0955,0.55,109.979,241293,4,80.0,2020-04-08T08:06:16Z
Lil Mosey,melodic rap/rap conscient,Blueberry Faygo,Blueberry Faygo,6wJYhPfqk3KGhHRG76WzOh,0.774,0.554,0,-7.909,1,0.0383,0,0.132,0.349,99.034,162547,4,73.0,2020-04-21T16:03:35Z
Jack Harlow,deep underground hip hop/kentucky hip hop/pop rap/rap,Sweet Action,WHATS POPPIN,1jaTQ3nqY3oAAYyCTbIvnM,0.923,0.604,11,-6.671,0,0.245,0,0.272,0.826,145.062,139741,4,79.0,2020-04-23T05:29:35Z
DaBaby,hip hop/north carolina hip hop/pop rap/rap/trap,BLAME IT ON BABY,ROCKSTAR (feat. Roddy Ricch),7ytR5pFWmSjzHJIeQkgog4,0.746,0.69,11,-7.956,1,0.164,0,0.101,0.497,89.977,181733,4,79.0,2020-05-12T14:41:23Z
iann dior,melodic rap,Industry Plant,gone girl,3iH29NcCxYgI5shlkZrUoB,0.677,0.714,11,-5.637,1,0.0287,0,0.0717,0.355,94.956,136568,4,66.0,2020-05-12T19:48:30Z
The Kid LAROI,australian hip hop,Diva (feat. Lil Tecca),Diva (feat. Lil Tecca),7gVwgc8b3XnO87TpmXXFA5,0.686,0.703,6,-6.141,0,0.0606,0,0.0946,0.457,144.902,172005,4,69.0,2020-06-25T07:09:24Z
THE SCOTTS,viral rap,THE SCOTTS,THE SCOTTS,39Yp9wwQiSRIDOvrVg7mbk,0.716,0.537,0,-7.648,0,0.0514,0,0.157,0.28,129.979,165978,4,77.0,2020-06-25T08:00:45Z
Pop Smoke,brooklyn drill/rap,Shoot For The Stars Aim For The Moon,Dior - Bonus,6PnTgx9lyvLGIcPnroCvc2,0.676,0.746,7,-7.837,1,0.344,0.00157,0.412,0.675,142.035,216244,4,55.0,2020-07-16T14:13:14Z
Pop Smoke,brooklyn drill/rap,Shoot For The Stars Aim For The Moon,The Woo (feat. 50 Cent & Roddy Ricch),1H7KnK26kc1YyellpbINEn,0.49,0.618,1,-5.655,1,0.104,3.77e-06,0.259,0.286,99.7,201600,4,74.0,2020-09-13T08:01:59Z
Lil Baby,atl hip hop/atl trap/rap/trap,My Turn,Emotionally Scarred,7ge7BHazYbVKi8qyZUX1Bm,0.585,0.641,6,-4.269,0,0.133,0,0.316,0.266,88.284,197530,4,72.0,2020-07-21T20:09:17Z
Dax,canadian hip hop/ottawa rap,She Cheated Again,She Cheated Again,3bPK33sZdStzPI81xHOoc6,0.651,0.569,10,-10.156,1,0.324,0,0.0928,0.36,96.795,166870,4,8.0,2020-07-28T22:14:05Z
Lil Baby,atl hip hop/atl trap/rap/trap,Drip Harder,Close Friends (Lil Baby & Gunna),5nzhL67GpF9szXWg5y509A,0.676,0.578,10,-4.669,0,0.375,0,0.0796,0.698,158.896,203881,4,76.0,2020-07-29T14:12:02Z
Headie One,uk hip hop,Only You Freestyle,Only You Freestyle,4OENnoidV0h8gJV6bhrw7r,0.68,0.826,5,-2.561,1,0.27,0,0.254,0.804,146.95,248937,4,64.0,2020-08-04T15:29:02Z
Juice WRLD,chicago rap/melodic rap/rap,Legends Never Die,Come & Go (with Marshmello),2Y0wPrPQBrGhoLn14xRYCG,0.625,0.814,0,-5.181,1,0.0657,0,0.158,0.535,144.991,205485,4,78.0,2020-08-10T08:32:18Z
Polo G,chicago rap/rap,THE GOAT,Martin & Gina,1VLtjHwRWOVJiE5Py7JxoQ,0.832,0.534,1,-7.813,0,0.253,0,0.165,0.116,93.924,132833,4,83.0,2020-08-23T10:40:17Z
Headie One,uk hip hop,Ain't It Different (feat. AJ Tracey & Stormzy),Ain't It Different (feat. AJ Tracey & Stormzy),6NJfIydBMYrXvlaXsFxmc8,0.767,0.569,4,-6.805,0,0.216,1.45e-05,0.109,0.524,77.052,196363,4,63.0,2020-09-13T08:13:38Z
24kGoldn,cali rap/pop rap,Mood (feat. iann dior),Mood (feat. iann dior),3tjFYV6RSFtuktYl3ZtYcq,0.7,0.722,7,-3.558,0,0.0369,0,0.272,0.756,90.989,140526,4,9.0,2020-09-15T10:56:41Z
The Kid LAROI,australian hip hop,F*CK LOVE,WRONG (feat. Lil Mosey),1EWkw4Fa6IlnsAihLUlFFM,0.389,0.768,1,-4.765,1,0.256,0,0.119,0.334,90.146,183567,4,2.0,2020-09-15T12:11:06Z
Pop Smoke,brooklyn drill/rap,Shoot For The Stars Aim For The Moon,For The Night (feat. Lil Baby & DaBaby),0PvFJmanyNQMseIFrU708S,0.823,0.586,6,-6.606,0,0.2,0,0.193,0.347,125.971,190476,4,80.0,2020-10-24T15:55:54Z
Jack Harlow,deep underground hip hop/kentucky hip hop/pop rap/rap,Tyler Herro,Tyler Herro,4DuUwzP4ALMqpquHU0ltAB,0.794,0.756,5,-7.16,0,0.136,0,0.247,0.775,123.066,156498,4,68.0,2020-10-26T20:21:03Z
PIND,danish hip hop/danish pop,Videre,Plastic,758P0zO2goHiN3NA5OW1Qe,0.843,0.664,11,-4.774,1,0.0648,0,0.1,0.531,124.0,183387,4,48.0,2020-10-30T12:28:19Z
The Kid LAROI,australian hip hop,F*CK LOVE (SAVAGE),ALWAYS DO,3QCU8BT0zDS9LPVfEhRFEE,0.762,0.426,8,-6.865,1,0.113,0,0.0858,0.582,167.827,151705,4,3.0,2020-11-12T17:45:50Z
T.I.,atl hip hop/dirty south rap/gangster rap/hip hop/pop rap/rap/southern hip hop/trap,No Mercy,That's All She Wrote,6XAA7T9VHcqKQSzjmXAJ8o,0.496,0.785,7,-3.472,1,0.306,0,0.0941,0.357,170.02,318360,4,69.0,2020-12-11T08:04:41Z
Frank Ocean,lgbtq+ hip hop/neo soul,Novacane,Novacane,4osgfFTICMkcGbbigdsa53,0.762,0.508,3,-9.112,1,0.0919,0.00126,0.16,0.37,93.51,302347,4,84.0,2020-12-15T11:49:03Z
G-Eazy,indie pop rap/oakland hip hop/pop rap/rap,Still Be Friends (feat. Tory Lanez & Tyga),Still Be Friends (feat. Tory Lanez & Tyga),0JjM9bKm4wrwohMslcm892,0.803,0.759,7,-4.692,0,0.0494,0,0.0921,0.284,104.0,213308,4,67.0,2020-12-18T12:19:32Z
AJ Tracey,grime/uk hip hop/ukg revival,Dinner Guest (feat. MoStack),Dinner Guest (feat. MoStack),5y0ekFHNfFbjKhZlguSzdf,0.867,0.648,3,-6.942,0,0.253,2.62e-06,0.217,0.527,108.005,198032,4,0.0,2021-01-08T06:29:10Z
The Kid LAROI,australian hip hop,F*CK LOVE (SAVAGE),WITHOUT YOU,27OeeYzk6klgBh83TSvGMA,0.662,0.413,0,-7.357,1,0.0299,0,0.134,0.467,93.005,161385,4,20.0,2021-01-14T20:19:02Z
Central Cee,melodic drill,Loading,Loading,4D0GT8zWuA7Z2em6dpajAn,0.85,0.68,3,-6.18,0,0.338,0,0.0964,0.694,144.006,173333,1,62.0,2021-01-14T20:27:12Z
Polo G,chicago rap/rap,Epidemic,Epidemic,170DNUSnQRp1tGpppF26pA,0.616,0.617,1,-8.431,1,0.52,0,0.177,0.476,175.929,177273,4,1.0,2021-01-22T20:12:57Z
Polo G,chicago rap/rap,Die A Legend,Pop Out (feat. Lil Tjay),6uFn47ACjqYkc0jADwEdj1,0.772,0.639,1,-7.119,1,0.467,0,0.0698,0.261,168.112,166560,4,80.0,2021-01-22T20:13:05Z
Polo G,chicago rap/rap,THE GOAT,21,3JKgcAa7r07ocVWcV8bS0H,0.783,0.479,7,-10.646,1,0.541,0,0.101,0.533,176.027,163798,4,77.0,2021-01-22T20:19:27Z
Kid Cudi,hip hop/ohio hip hop/pop rap/rap,Man On The Moon III: The Chosen,Show Out (with Skepta & Pop Smoke),5CFJRZRq6sdKKtRwNPWbYv,0.619,0.589,1,-6.531,1,0.124,0.000392,0.378,0.158,143.896,174960,4,69.0,2021-02-02T15:37:10Z
CRO,german hip hop,Raop,Easy,0r1kH7SIkkPP9W7mUknObF,0.818,0.625,7,-6.512,1,0.0355,0,0.122,0.959,95.545,172209,4,3.0,2021-02-05T09:36:58Z
Dree Low,swedish drill/swedish gangsta rap/swedish hip hop/swedish trap/swedish trap pop,FLAWLESS,PIPPI,3ySRhREV5ceozxdk0lPqIe,0.885,0.57,8,-8.172,0,0.222,0,0.111,0.86,105.036,164575,4,1.0,2021-03-06T16:56:13Z
CJ,nyc rap,Whoopty,Whoopty,5vGLcdRuSbUhD8ScwsGSdA,0.719,0.648,3,-7.6,0,0.125,0,0.127,0.66,140.201,123263,4,72.0,2021-03-31T11:20:35Z
Noah Carter,danish hip hop/danish pop,Couch Dreams,Come Alive,3o1lguDaLSQmoMdLpDBUIJ,0.714,0.366,6,-10.85,0,0.0948,8.72e-05,0.0881,0.794,159.995,204000,4,43.0,2021-04-30T18:01:27Z
Pop Smoke,brooklyn drill/rap,Meet The Woo 2,Get Back,3DWjFSDEQ9IWz1mj449fB7,0.798,0.649,9,-6.546,1,0.306,1.34e-05,0.517,0.566,142.006,108160,4,75.0,2021-04-30T18:06:04Z
Mustard,cali rap/pop rap/rap/southern hip hop/trap,Perfect Ten,Pure Water (with Migos),3j84U36KvLeXNDPv4t5pI8,0.682,0.559,0,-5.545,1,0.127,0,0.344,0.137,202.015,192471,4,76.0,2021-04-30T18:06:49Z
Pop Smoke,brooklyn drill/rap,Meet The Woo 2,Invincible,792HwhrdO3ErRKL5yRe4Ge,0.548,0.732,11,-5.652,0,0.336,0,0.269,0.612,142.791,127547,4,80.0,2021-04-30T18:08:49Z
Justin Bieber,canadian pop/pop,Justice,Peaches (feat. Daniel Caesar & Giveon),4iJyoBOLtHqaGxP12qzhQI,0.677,0.696,0,-6.181,1,0.119,0,0.42,0.464,90.03,198082,4,83.0,2021-04-30T18:15:54Z
Juice WRLD,chicago rap/melodic rap/rap,Death Race For Love,Empty,41MCdlvXOl62B7Kv86Bb1v,0.745,0.561,0,-4.869,1,0.0807,0,0.133,0.449,77.557,248431,4,1.0,2021-05-02T12:55:41Z
J. Cole,conscious hip hop/hip hop/north carolina hip hop/rap,i n t e r l u d e,i n t e r l u d e,2gyYjQWXKxemhAyMPgctIx,0.604,0.668,1,-3.525,1,0.115,0,0.407,0.114,100.854,131413,3,1.0,2021-05-08T22:01:13Z
Bad Boy Chiller Crew,charva/indie hip hop,Full Wack No Brakes,450,1F0ww25lOcWtwTsco1vYWM,0.871,0.715,6,-7.732,0,0.226,0,0.346,0.925,129.945,197077,4,65.0,2021-06-03T15:18:01Z
PIND,danish hip hop/danish pop,Videre,Vender Tilbage,3YSgPxT1T1HroVJxpN2aye,0.728,0.754,6,-6.284,1,0.0598,0,0.137,0.362,94.02,177120,4,36.0,2021-06-10T20:37:32Z
Ukendt Kunstner,danish hip hop/danish pop,Neonlys,Fucking Nummer,64mWFnjL0AvzuBzXVQ3qmp,0.423,0.698,11,-6.305,0,0.0792,1.62e-06,0.111,0.325,154.042,302587,4,52.0,2021-06-10T20:38:35Z
Ukendt Kunstner,danish hip hop/danish pop,Neonlys,Langt Væk,1QoumKetEQwVg8dzJyFlk9,0.682,0.604,11,-9.628,0,0.047,0.00244,0.0971,0.143,149.999,481387,4,49.0,2021-06-15T07:15:46Z
Artigeardit,danish hip hop/danish pop,VILDEDAGE,værformig,3g6ANgB2FRlud43iAmTlv4,0.574,0.561,5,-7.377,0,0.303,0.0148,0.188,0.294,133.596,224229,5,50.0,2021-07-08T11:34:03Z
Artigeardit,danish hip hop/danish pop,Held & Lykke Med At Komme Hjem,"Er Her (Artigeardit, KESI)",6BxGGPBdNexcy53euZsrga,0.589,0.706,5,-5.033,0,0.312,0,0.0692,0.711,125.546,157102,5,58.0,2021-07-08T11:34:08Z
Chri$tian Gate$,sad rap/singer-songwriter pop,NUMB,NUMB,1BPBwKueIEMnUcbbs2te7B,0.682,0.598,8,-5.694,1,0.264,0,0.299,0.823,103.791,112500,4,71.0,2021-07-11T16:39:47Z
Mac Miller,hip hop/pittsburgh rap/pop rap/rap,Best Day Ever (5th Anniversary Remastered Edition),Life Ain't Easy,6tqIGVgDJ6fMtmkU8dr2jU,0.437,0.801,7,-3.754,1,0.249,0,0.257,0.629,189.304,157691,4,0.0,2021-07-11T16:44:26Z
Mac Miller,hip hop/pittsburgh rap/pop rap/rap,Best Day Ever (5th Anniversary Remastered Edition),Snooze,0Udh7pNSlNUx8XUwjxa66P,0.679,0.84,9,-4.284,1,0.0993,0,0.311,0.292,102.041,169763,4,0.0,2021-07-11T16:44:28Z
Juice WRLD,chicago rap/melodic rap/rap,Legends Never Die,Wishing Well,2U5WueTLIK5WJLD7mvDODv,0.65,0.613,9,-6.13,0,0.128,0,0.267,0.0804,149.972,194621,4,79.0,2021-07-11T16:49:30Z
Drake,canadian hip hop/canadian pop/hip hop/pop rap/rap,If You're Reading This It's Too Late,6 God,3a8tAZFJxlmBwOtrf5L1oC,0.868,0.623,2,-8.595,1,0.101,0,0.125,0.498,105.446,180667,4,66.0,2021-07-11T16:49:45Z
Royal & the Serpent,alt z/indie electropop/modern alternative pop,overwhelmed (the remixes),overwhelmed - Chri$tian Gate$ remix,4Kh6cq3XgOGUK9yXQu7RTq,0.619,0.502,0,-8.097,0,0.249,0,0.155,0.38,174.196,134483,4,66.0,2021-07-12T18:17:29Z
The Kid LAROI,australian hip hop,STAY (with Justin Bieber),STAY (with Justin Bieber),5HCyWlXZPP0y6Gqq8TgA20,0.591,0.764,1,-5.484,1,0.0483,0,0.103,0.478,169.928,141806,4,86.0,2021-07-15T17:44:16Z
Ukendt Kunstner,danish hip hop/danish pop,Den Anden Side,Overleve,36RlgMp6EFHKc2NEQ882nF,0.516,0.394,11,-11.324,0,0.274,0.00268,0.547,0.0393,118.007,433535,4,50.0,2021-07-25T18:00:26Z
Ukendt Kunstner,danish hip hop/danish pop,Den Anden Side,Lige Nu (feat. Sivas),4omUGyar1vBpoHIbik9GCf,0.682,0.565,11,-7.646,1,0.109,1.31e-06,0.11,0.166,86.971,386207,4,43.0,2021-07-25T18:01:32Z
ArrDee,uk hip hop,Oliver Twist,Oliver Twist,6mSzsSdu0CWIV70jEjWMhI,0.725,0.807,11,-4.332,1,0.315,0,0.462,0.848,140.045,174857,4,63.0,2021-07-25T18:08:53Z
Kota the Friend,unknown,To Kill A Sunrise,Wolves,49nkBg3OJtp6m6TQPmG1Qw,0.613,0.686,1,-5.75,1,0.107,0,0.187,0.5,80.014,233531,4,38.0,2021-07-25T18:21:46Z
Nas,conscious hip hop/east coast hip hop/gangster rap/hardcore hip hop/hip hop/queens hip hop/rap,NASIR,Adam and Eve,0BSPhsCKfwENstErymcD80,0.624,0.803,9,-5.107,0,0.218,0,0.318,0.172,92.401,250760,4,52.0,2021-07-25T18:23:41Z
Juice WRLD,chicago rap/melodic rap/rap,Righteous,Righteous,0OyQns5ayNK2OVaES0Vb8t,0.707,0.622,0,-6.951,1,0.031,0,0.149,0.223,142.942,243357,4,0.0,2021-07-25T18:25:58Z
Kanye West,chicago rap/hip hop/rap,Late Registration,Hey Mama,46OFHBw45fNi7QNjSetITR,0.583,0.754,7,-6.993,1,0.223,0,0.113,0.347,95.784,305067,4,65.0,2021-07-28T16:43:53Z
IDK,pop rap/underground hip hop,USEE4YOURSELF,Shoot My Shot,4xJQDZxCjAJdemvWoBR9nL,0.756,0.577,7,-7.127,1,0.0395,0,0.309,0.685,92.036,172105,4,49.0,2021-08-08T13:12:31Z
Dave,uk hip hop,We're All Alone In This Together,Clash (feat. Stormzy),2zxEc1GCSCxbHIXTfhraRC,0.871,0.519,2,-6.549,1,0.258,8.14e-06,0.0869,0.532,140.013,251733,4,72.0,2021-08-08T13:29:43Z
Dave,uk hip hop,We're All Alone In This Together,In The Fire,3mtaSob1BQO4HMSA8lWKRt,0.765,0.681,11,-4.241,0,0.31,0,0.216,0.281,127.77,423909,5,60.0,2021-08-08T13:29:56Z
Trippie Redd,melodic rap/rap/trap,LIFE'S A TRIP,Taking A Walk,4mHgYpuGHu99Mw69E83CP2,0.767,0.538,0,-6.044,0,0.052,0,0.192,0.343,81.031,121680,4,78.0,2021-09-09T15:17:07Z
347aidan,sad rap,TROUBLED MEMORIES!,MEMORIES!,27XMmSWSOXJ7eVb40tH93T,0.835,0.381,9,-6.121,1,0.342,4.59e-06,0.121,0.31,154.973,137806,4,74.0,2021-09-16T21:14:47Z
80purppp,bedroom r&b/sad lo-fi,Hex,Hex,7D7e6hm2LiNd6nLuJF6K9Q,0.845,0.398,5,-15.781,1,0.268,0.00713,0.159,0.482,109.996,122222,4,82.0,2021-09-16T21:17:26Z
Papithbk,australian trap/sad lo-fi/sad rap,EP,Sad Nibba Hours,2TfoabXa0CbEwcqpxOn9z3,0.745,0.664,11,-5.476,0,0.235,0,0.851,0.526,121.083,150703,5,60.0,2021-09-19T08:56:07Z
BONES,cloud rap/dark trap,BURDEN,TheWaitingGame,314I2nRSP6p78j9wDyCEAp,0.676,0.493,4,-8.34,0,0.0298,0.00125,0.105,0.245,135.057,129306,4,45.0,2021-09-19T20:38:19Z
Aries,unknown,WELCOME HOME,SAYONARA,3h0xzCrYEVVFhhycY7jGBs,0.548,0.63,5,-6.1,1,0.0343,0.000721,0.128,0.338,75.972,180789,4,54.0,2021-09-19T20:43:02Z
Aries,unknown,WELCOME HOME,BAD NEWS,60ZppukPfY43NDU9meKJrz,0.655,0.676,5,-5.959,0,0.0378,0,0.212,0.827,141.989,164155,4,56.0,2021-09-19T20:43:11Z
Sista Prod,sad lo-fi,"Eyes Blue Like The Atlantic, Pt. 2 (feat. Powfu, Alec Benjamin & Rxseboy)","Eyes Blue Like The Atlantic, Pt. 2 (feat. Powfu, Alec Benjamin & Rxseboy)",1eCTQhsNA31FcwyNcJcf86,0.702,0.616,6,-4.903,1,0.326,0,0.145,0.507,80.482,156188,4,68.0,2021-09-19T20:46:54Z
Promoting Sounds,aesthetic rap/sad lo-fi,Dead Eyes,Dead Eyes,7BdlyzVvOqmwPH9dYtZfsx,0.719,0.651,7,-5.872,1,0.0274,0,0.0762,0.289,104.956,219429,4,65.0,2021-09-19T20:47:01Z
guardin,cloud rap/emo rap,altitude,altitude,5mzvGPhsCURCR6fAy099mq,0.565,0.667,6,-6.185,0,0.243,0.00326,0.204,0.43,151.013,129781,4,36.0,2021-09-19T20:47:52Z
Yxngxr1,unknown,Tyler,Tyler,409qeWve1NEa9hkbrTjaUo,0.908,0.567,1,-8.192,1,0.148,0,0.119,0.723,97.99,126544,4,51.0,2021-09-20T10:29:19Z
Aries,unknown,DITTO,DITTO,30AnNG3dFbHLQuSbIVWEbF,0.645,0.579,4,-9.137,1,0.1,1.78e-05,0.161,0.525,92.977,150323,4,46.0,2021-09-23T07:21:42Z
Aries,unknown,WELCOME HOME,SANTA MONICA,2h3jBh2kDDRSDbwzJqelFx,0.708,0.667,4,-5.854,1,0.0356,0.000683,0.183,0.616,145.976,165034,4,52.0,2021-09-23T07:50:42Z
Aries,unknown,"BELIEVE IN ME, WHO BELIEVES IN YOU",ETA,7a5TsU5Nw3VPrR1HH7mHJN,0.707,0.642,8,-5.95,1,0.0393,0,0.196,0.242,90.026,163333,4,50.0,2021-12-29T10:34:15Z
Lil Peep,cloud rap/emo rap/lgbtq+ hip hop,"Come Over When You're Sober, Pt. 2",Sex with My Ex,0H1Had94fszD13qsFsP1U5,0.497,0.77,6,-4.298,1,0.0757,0,0.102,0.47,167.892,213640,4,67.0,2021-09-23T22:14:40Z
convolk,cloud rap/emo rap/melodic rap,LONEWOLF,lonewolf,1lSqu7LFx7v51aGMeKVYaI,0.602,0.792,8,-4.509,1,0.105,0.000161,0.319,0.491,173.972,178524,4,0.0,2021-09-27T20:27:52Z
"nothing,nowhere.",cloud rap/emo rap,Trauma Factory,lights (4444),3PDNGdhCtiQemL14eKhCup,0.718,0.69,0,-7.299,1,0.0795,0.000419,0.105,0.428,89.982,160423,4,48.0,2021-09-28T21:09:26Z
convolk,cloud rap/emo rap/melodic rap,whatever it takes,whatever it takes,5FkOlv0W1nBqs3mgbksZa4,0.712,0.545,11,-6.804,1,0.0321,0,0.122,0.349,108.014,217182,4,0.0,2021-10-04T21:02:21Z
convolk,cloud rap/emo rap/melodic rap,LONEWOLF,i fucked up,7zkLlx4bTeeyUyzs1L7gV4,0.646,0.709,5,-6.005,0,0.0381,0.000308,0.115,0.281,80.504,159150,4,0.0,2021-10-04T21:02:48Z
Ryan Oakes,deep underground hip hop/indie pop rap,Drinking About You,Drinking About You,4I2tqjsuVgRMX2rpuOCPbL,0.659,0.72,8,-7.199,1,0.0979,0,0.111,0.0933,140.065,221000,4,53.0,2021-10-05T20:48:58Z
convolk,cloud rap/emo rap/melodic rap,bursting hearts & night terrors,all black fit,5PtL9NwvYn1vCY7kKo7rHe,0.655,0.688,11,-6.968,0,0.0792,0,0.0925,0.355,164.932,139765,4,0.0,2021-10-05T20:49:47Z
Yung Pinch,melodic rap/oc rap,Why Would I Wait (feat. G-Eazy),Why Would I Wait (feat. G-Eazy),2EstxjDvOeYXq6amkk6Kkn,0.644,0.591,1,-5.16,1,0.0626,0,0.232,0.465,149.986,185707,4,43.0,2021-10-05T20:51:38Z
Berner,cali rap/oakland hip hop,20 Joints - Single,20 Joints,6vSmfVyxYCm6D1VVXp2knn,0.836,0.731,6,-7.396,0,0.146,0,0.0679,0.766,100.861,190287,4,60.0,2021-10-07T16:49:35Z
Money Man,memphis hip hop/southern hip hop/trap,Epidemic (Deluxe),24 (feat. Lil Baby),0xUvi7wldroBzaZCengPa5,0.868,0.638,2,-7.746,1,0.0736,0.0565,0.0931,0.459,126.03,182857,4,72.0,2021-10-14T08:54:43Z
guardin,cloud rap/emo rap,what i got,what i got,7sgxxcpYukTLJZUXVfBV8S,0.455,0.496,1,-8.483,0,0.11,0,0.473,0.317,131.88,236225,4,40.0,2021-10-14T09:10:07Z
Skinny Atlas,lo-fi chill/sad lo-fi,you never meant it,you never meant it,4LMlIX9Y8qziRafzW30mGc,0.792,0.551,7,-5.769,1,0.037,0,0.101,0.45,103.967,117692,4,63.0,2021-10-14T11:20:53Z
KillBunk,unknown,Chanel Bag,Chanel Bag,5azix4xbmL7Vx9hRhlZL9B,0.773,0.614,11,-5.49,0,0.0776,0,0.0873,0.7,115.015,158668,4,0.0,2021-10-14T11:22:55Z
cøzybøy,emo rap/lo-fi chill/sad lo-fi,cøme undøne,i swear this søng is abøut eating øut my best friend's pussy,2NJpiLOSSfx6Fu7zoap3xj,0.547,0.26,11,-19.247,1,0.135,0.0929,0.475,0.214,152.995,188235,3,0.0,2021-10-14T11:27:12Z
cøzybøy,emo rap/lo-fi chill/sad lo-fi,dispøsed,what did yøu think i meant when i said i løve yøu,417DXvpcceDA9SaGPUbHCj,0.601,0.537,5,-9.808,0,0.0259,8.89e-05,0.109,0.446,94.982,181895,4,0.0,2021-10-14T11:31:20Z
Aries,unknown,FOOL'S GOLD,FOOL'S GOLD,1ryUAnJ3gPNtw85hwiVA7Z,0.662,0.525,6,-8.546,0,0.0341,0,0.199,0.577,133.937,149843,4,47.0,2021-10-14T11:31:59Z
Promoting Sounds,aesthetic rap/sad lo-fi,Artificial Love,Artificial Love,6ewIZuMAzuKlBtfM3f3Blq,0.737,0.797,6,-8.18,0,0.199,0,0.594,0.611,98.958,166376,4,45.0,2021-10-14T13:15:54Z
Promoting Sounds,aesthetic rap/sad lo-fi,Down For Real,Down For Real,2O6CQNFDBvZ76uBbGs9NvG,0.653,0.757,9,-7.083,1,0.0489,5.36e-06,0.138,0.539,90.007,150681,4,47.0,2021-10-14T13:40:24Z
Promoting Sounds,aesthetic rap/sad lo-fi,Memory,Memory,3UkPmK7Sk0wuLXzVnQihva,0.748,0.694,1,-7.616,1,0.0861,0.000167,0.331,0.197,115.044,134609,4,65.0,2021-10-18T20:34:24Z
Lund,cloud rap/emo rap,Fiction,Fiction,4Ab4y71r84qaQ8wa6986is,0.755,0.483,11,-9.2,0,0.0429,3.67e-05,0.364,0.399,135.684,279515,4,0.0,2021-10-25T08:27:10Z
Lund,cloud rap/emo rap,Gold,Alone,3BIc6CjDJxm6P1qCls2nKa,0.741,0.354,2,-15.505,1,0.0812,0.702,0.384,0.037,120.018,254000,4,52.0,2021-10-25T11:26:44Z
Lund,cloud rap/emo rap,Broken,Broken,4W8sUeokQKfHt1uTXp0Jq0,0.83,0.583,0,-2.052,1,0.0412,0.0005,0.109,0.146,134.0,200673,4,69.0,2021-10-25T11:30:42Z
"nothing,nowhere.",cloud rap/emo rap,"I'm Sorry, I'm Trying","I'm Sorry, I'm Trying",7kmnlwds35HFRTP4yjzvJ0,0.615,0.521,2,-8.849,1,0.0484,1.6e-06,0.0978,0.182,139.503,204964,4,0.0,2021-10-25T11:34:57Z
convolk,cloud rap/emo rap/melodic rap,WORRIED SICK,just another day,6d2d1QuQGP4R0W0OBYCRlq,0.623,0.617,5,-6.755,1,0.0292,0.000302,0.146,0.318,83.947,200048,4,0.0,2021-10-25T18:36:41Z
XXXTENTACION,emo rap/miami hip hop,SKINS,whoa (mind in awe),7pdF27mSDuPWhppnHAmWHa,0.735,0.525,6,-2.939,0,0.0441,0.918,0.101,0.369,160.147,157777,4,73.0,2021-10-25T18:59:27Z
Night Lovell,aesthetic rap/canadian hip hop/canadian trap/cloud rap/dark trap/ottawa rap,Red Teenage Melody,Still Cold / Pathway Private,6oBL8TdQHEO7jeEdqECg37,0.762,0.41,8,-11.979,1,0.055,3.37e-05,0.157,0.0814,100.03,271404,4,0.0,2021-10-25T19:02:59Z
DIRTYXAN,aesthetic rap,HOW YOU DOIN?,HOW YOU DOIN?,4w5W4KpJfgi7467R8autpe,0.89,0.456,8,-7.57,1,0.121,2.2e-06,0.159,0.626,105.979,104151,4,56.0,2022-01-10T22:05:09Z
Lil Peep,cloud rap/emo rap/lgbtq+ hip hop,"Come Over When You're Sober, Pt. 1",The Brightside,4DbnKBddcHUHbYpidc36AT,0.646,0.641,3,-6.522,0,0.0425,0,0.108,0.881,134.027,216041,4,0.0,2021-10-25T19:27:47Z
Lil Peep,cloud rap/emo rap/lgbtq+ hip hop,"Come Over When You're Sober, Pt. 2",Falling Down - Bonus Track,4jvjzW7Hm0yK4LvvE0Paz9,0.669,0.574,4,-6.442,0,0.0286,0.00294,0.146,0.273,120.013,196400,4,81.0,2021-10-25T19:27:57Z
Lil Peep,cloud rap/emo rap/lgbtq+ hip hop,"Come Over When You're Sober, Pt. 1",Save That Shit,0S0vWvyZ6Rc79TXkWxT9QA,0.534,0.583,2,-8.672,1,0.0288,0,0.421,0.145,106.0,231547,4,4.0,2021-10-25T21:06:56Z
44phantom,unknown,die sometime,freak,3Tq98MvUH8kxeygv1kurtt,0.638,0.622,10,-5.927,1,0.0389,0,0.147,0.753,80.016,145627,4,0.0,2021-11-01T13:47:24Z
Josh A,sad rap,PAINLESS,PAINLESS,2DBzFlduaVzw2EHdP1ZnbG,0.753,0.632,9,-8.054,1,0.0423,0,0.198,0.718,91.047,147758,4,42.0,2021-11-02T09:58:18Z
Josh A,sad rap,Chaos,Endless Nightmare,2CHuu85IjdomB4wPkDwoZp,0.728,0.573,6,-8.388,1,0.0347,0,0.164,0.315,139.947,151308,4,57.0,2021-11-02T09:58:50Z
Memoria XI,sad rap/shib,Just Friends,Just Friends,2zRbprdgFgVbe6h1pmzv5R,0.632,0.504,10,-7.719,0,0.0409,0,0.0895,0.602,140.108,150973,4,28.0,2021-11-02T15:26:20Z
Cimón,unknown,Final Destination,Final Destination,0IEe1XhEn8C0uxf8xHlZUv,0.693,0.426,2,-9.973,1,0.244,2.74e-06,0.114,0.351,152.06,182520,4,34.0,2021-11-04T14:34:42Z
Lil Peep,cloud rap/emo rap/lgbtq+ hip hop,crybaby,yesterday,1oZX407PWkU5ETtmRy3zL8,0.583,0.573,2,-7.396,1,0.0348,0,0.152,0.129,87.922,112520,4,0.0,2021-11-04T19:08:36Z
Lil Peep,cloud rap/emo rap/lgbtq+ hip hop,crybaby,white tee,6KjkgYu4mjsMVYy4aCzyw6,0.798,0.528,11,-8.908,1,0.042,1e-06,0.0727,0.728,149.995,132227,4,2.0,2021-11-04T19:57:35Z
Lil Peep,cloud rap/emo rap/lgbtq+ hip hop,"Come Over When You're Sober, Pt. 1",Awful Things,7Hr2XoaGpIMKbNXCZDZ3le,0.366,0.797,1,-4.923,0,0.0812,0,0.0694,0.181,169.986,214427,4,2.0,2021-11-04T19:57:47Z
diveliner,unknown,basketball,basketball,5EdmaSUzXzlOcCc44Jo206,0.388,0.449,1,-9.114,1,0.236,0,0.214,0.262,180.181,141333,4,38.0,2021-11-07T08:56:19Z
Ryan Oakes,deep underground hip hop/indie pop rap,A SERIES OF UNFORTUNATE EVENTS,NUMB,66MIGyHdex7vfP6RAwpMNL,0.609,0.475,8,-9.304,1,0.0577,0,0.236,0.231,107.696,215647,4,60.0,2021-11-08T17:52:10Z
Brevin Kim,boston hip hop,NAPLES,NAPLES,0ImCrvyDR2Twf44Ugyv5Kj,0.665,0.63,6,-6.215,0,0.0332,0,0.295,0.178,92.039,140217,4,0.0,2021-11-10T20:05:47Z
Drex Carter,sad lo-fi/sad rap,Monday Mourning,Monday Mourning,10V96IBSJJjZPAS4fcKEmn,0.767,0.537,5,-7.783,0,0.116,0,0.0862,0.632,87.497,120000,4,38.0,2021-11-10T20:10:26Z
"nothing,nowhere.",cloud rap/emo rap,Trauma Factory,upside down,4co218tAwJM5xQrczWhkZk,0.7,0.696,1,-6.513,1,0.0328,0.0379,0.1,0.336,124.002,187274,4,50.0,2021-11-10T20:15:09Z
DIRTYXAN,aesthetic rap,MEAN GIRLS,MEAN GIRLS,5KLo5emoCJT8Xk8MeOrSm5,0.428,0.527,10,-8.02,1,0.0485,0,0.12,0.418,90.187,130478,4,43.0,2021-11-10T20:20:49Z
whiterosemoxie,indie hip hop,Beeline,Beeline,3FpkGXrGNBBBX9SmujIy0M,0.615,0.684,4,-3.836,1,0.0493,0,0.378,0.372,102.915,163725,4,35.0,2021-11-10T20:23:43Z
Memoria XI,sad rap/shib,Happier,Happier,1Sdw3pVzu6DUlm2S4KsuSA,0.766,0.483,1,-8.61,1,0.0607,0,0.107,0.53,146.005,148376,4,32.0,2021-11-10T20:26:36Z
Memoria XI,sad rap/shib,Patience,Patience,7KSDrYNy1PnlOPlp52UUQc,0.677,0.618,9,-6.703,0,0.0401,0,0.105,0.453,92.022,156690,4,31.0,2021-11-10T20:27:17Z
Numl6ck,glitchcore/hyperpop,stuck,stuck,63PBsYANeKAvmW6vMMus4Y,0.681,0.765,5,-4.574,1,0.0352,0,0.367,0.185,92.534,126504,4,48.0,2021-11-10T20:58:17Z
44phantom,unknown,"die sometime, it's good for u",problems,0YcJfsr91XXLiSapSQbtJf,0.529,0.885,11,-3.854,1,0.109,0,0.2,0.609,93.943,168653,4,47.0,2021-11-14T19:16:00Z
EKKSTACY,unknown,NEGATIVE,i want to be by your side,5ZfMb1vgKdvG9Mr2iRXXN2,0.75,0.593,9,-12.074,1,0.0331,0.785,0.283,0.846,119.985,157523,4,52.0,2021-11-17T20:14:33Z
Paris Shadows,emo rap/melodic rap,ONE NIGHT IN PARIS,OUTSIDE,483ziFAlrCE45oV13o9XcL,0.616,0.598,5,-6.688,0,0.0329,4.8e-06,0.115,0.345,82.94,98360,4,43.0,2021-11-29T20:22:39Z
keshi,chill r&b,SOMEBODY,SOMEBODY,0HeiYo9WwMT8ujirrWzarf,0.649,0.461,8,-8.401,1,0.0449,0,0.108,0.485,141.102,164663,4,0.0,2021-11-30T20:45:39Z
Bremmy,unknown,E M Otions 2,Your Coach,17HsFV06Rx0EsdpOgtvxHk,0.719,0.726,2,-7.629,1,0.0471,0,0.0782,0.414,79.981,192907,4,25.0,2021-12-03T17:48:54Z
Bremmy,unknown,E M Otions 2,Forgive You,2FCnAtTOPGk4kQgRkvRAyW,0.659,0.731,9,-8.368,1,0.0421,0,0.0893,0.394,160.014,193501,4,29.0,2021-12-03T17:49:19Z
Ollie,indie pop rap/sad rap,Emotions,Emotions,6V7RtcUxs1iLhI5L42EQO6,0.538,0.454,7,-9.607,1,0.414,0,0.097,0.514,72.53,165232,4,37.0,2021-12-04T11:16:46Z
Memoria XI,sad rap/shib,Monte Carlo,Monte Carlo,0l4WWnQHGJeeY2UCJw9t5M,0.576,0.666,10,-8.012,1,0.147,0,0.106,0.598,180.143,149447,4,25.0,2021-12-04T17:20:39Z
Pretty Pacc,unknown,Dawg Shit,Dawg Shit,39oI2XtCeF2JgMEb8vOg6k,0.613,0.472,6,-10.244,0,0.0681,0,0.147,0.496,86.99,168942,4,43.0,2021-12-05T11:55:02Z
Lund,cloud rap/emo rap,Reckless,Reckless,1CIxzzS0nVJNfk5wuN2MjM,0.461,0.467,0,-7.628,1,0.0586,0,0.11,0.167,74.686,206271,4,55.0,2021-12-05T12:11:09Z
Lund,cloud rap/emo rap,F*ck Love,F*ck Love,2kHrlDvECzPyjcbmSQNusl,0.639,0.446,6,-10.489,1,0.0378,0,0.181,0.363,76.004,197368,4,63.0,2021-12-05T12:16:38Z
Trevor Daniel,melodic rap,Alone,Alone,4SVuJDPtk2kJl3ULqO5nvF,0.614,0.751,11,-6.596,1,0.0565,0,0.333,0.534,83.984,184413,4,47.0,2021-12-05T13:22:25Z
Drex Carter,sad lo-fi/sad rap,Go Wild,Go Wild,2V1UjIW8DUV9jzpcOffRXk,0.855,0.566,1,-9.905,1,0.239,0,0.0868,0.83,119.972,160090,4,42.0,2021-12-07T08:58:58Z
sadeyes,emo rap/sad lo-fi/sad rap,scumbag,scumbag,2Tz5kJHZYcUi5NOkdS4T9f,0.612,0.622,7,-7.372,1,0.0824,0,0.397,0.284,166.032,116404,4,31.0,2021-12-07T19:34:16Z
Oliver Francis,cloud rap/emo rap/melodic rap,FRIENDS,FRIENDS,6NEevR7qHIRfi9fahttXCk,0.474,0.828,8,-3.87,0,0.218,0,0.112,0.517,159.059,132830,4,39.0,2021-12-07T19:42:52Z
Yxngxr1,unknown,721,721,1QC0kBXdJJZskViUhhpFSg,0.903,0.48,8,-8.34,1,0.108,0,0.106,0.673,98.022,176723,4,44.0,2021-12-07T19:46:27Z
jaden,unknown,smoke and mirrors,smoke and mirrors,2OzaLzSVI2xgAYFH3dkciC,0.55,0.581,7,-8.735,0,0.102,0,0.0622,0.329,170.197,127140,4,31.0,2021-12-07T19:51:23Z
Promoting Sounds,aesthetic rap/sad lo-fi,I Hate That...,I Hate That...,0poeWvwv2YzuxLN5OXOoIz,0.633,0.49,10,-12.432,1,0.0833,0.000168,0.136,0.242,158.919,181132,4,0.0,2021-12-09T15:26:06Z
ArrDee,uk hip hop,Flowers (Say My Name),Flowers (Say My Name),2BzAGK3lEZAQz5cU0Ae1wd,0.723,0.713,2,-6.879,0,0.241,0,0.513,0.803,143.052,158601,4,62.0,2021-12-14T19:55:23Z
Tommy Ice,emo rap/sad rap,Drug Sick,Drug Sick,5TtF9bUEJPCMkezphzGr8C,0.694,0.419,2,-12.082,1,0.222,0,0.106,0.154,86.013,121399,4,48.0,2021-12-14T19:58:26Z
convolk,cloud rap/emo rap/melodic rap,anxiety!,anxiety!,1EcOJPXBGPU9Q8gEX8Nt7L,0.559,0.806,4,-3.802,0,0.0368,0.00423,0.688,0.0805,143.01,174585,4,0.0,2021-12-14T20:28:34Z
Marco Luka,unknown,paradise,paradise,6XpVAVpg3PfxcoO0tUG8jJ,0.634,0.526,7,-8.21,0,0.036,0.0373,0.128,0.143,143.998,140000,4,58.0,2021-12-15T18:20:17Z
guccihighwaters,cloud rap/emo rap,joke's on you,"rock bottom (feat. nothing,nowhere.)",5d1OeQBC6zyHO8jc2svOZz,0.562,0.703,2,-6.134,0,0.0416,0,0.34,0.313,145.058,165425,4,48.0,2021-12-15T20:24:37Z
VIC MENSA,canadian hip hop/chicago rap/conscious hip hop/underground hip hop,HOOLIGANS,Reverse (feat. G-Eazy),5Vvu6MkyvNVdbsD5oV49Aw,0.836,0.703,0,-4.731,1,0.106,0,0.124,0.211,144.959,211893,4,56.0,2021-12-17T08:06:10Z
Yung Pinch,melodic rap/oc rap,Perfect,Perfect,1JmEymqQwLXvCg3sJ7gz0n,0.68,0.542,9,-8.848,0,0.0974,0,0.112,0.274,148.942,219867,4,55.0,2021-12-20T14:00:59Z
The Wavy Kid,unknown,WG4L,Bad,3tOcYxGrT0DF6fCTFGhjoe,0.685,0.629,4,-9.184,0,0.102,0,0.0794,0.273,180.036,117734,4,31.0,2021-12-29T23:11:26Z
Lil Peep,cloud rap/emo rap/lgbtq+ hip hop,"Come Over When You're Sober, Pt. 1",Better Off (Dying),1tlrTC3x7viJ1U30oOFGdF,0.521,0.763,3,-4.693,1,0.0408,0,0.155,0.197,75.036,154815,4,1.0,2021-12-30T16:14:14Z
22december,aesthetic rap,chinatown!,chinatown!,4JipCNXiKHe9LiKqMQr5w7,0.42,0.66,4,-7.726,0,0.326,0.00284,0.138,0.307,109.914,145115,4,68.0,2021-12-30T16:17:08Z
Shady Moon,aesthetic rap,Cherry Blossoms,Cherry Blossoms,6Rdp4sAeb38xf8DByVG3Xs,0.79,0.343,8,-11.329,1,0.235,0.000274,0.201,0.466,117.952,138312,4,35.0,2021-12-30T16:18:04Z
Songer,chill drill,The Sunrise Project,Carefree,2lz98iP4m00hGDZ33E8jeP,0.841,0.611,1,-8.993,0,0.256,3.08e-06,0.116,0.602,139.979,156056,4,47.0,2021-12-30T20:47:57Z
Songer,chill drill,The Sunrise Project,Look At The Clouds,6upe6hB4cdXgUAx8MdL8tb,0.476,0.616,8,-8.933,0,0.0574,0.26,0.0702,0.0708,87.027,251089,4,50.0,2021-12-30T20:49:20Z
Nate Good,deep underground hip hop/indie pop rap,Winter,Fast & Furious,09iErIoobEjqLDUIaNQajH,0.692,0.805,7,-4.391,1,0.0389,0,0.35,0.314,82.504,223227,4,0.0,2021-12-30T21:11:49Z
Billy Bueffer,sad rap,White Girl Rose,White Girl Rose,6R2fwCgdgtB9puZXbtA0jm,0.356,0.69,6,-7.057,0,0.243,0,0.0979,0.257,85.023,196153,4,45.0,2021-12-30T21:13:12Z
MASN,sad rap,How To Kill A Rockstar,Hate Me!,6jmf4OxSGzdgthZruXtcqu,0.683,0.628,6,-6.512,1,0.123,0,0.106,0.356,142.06,154757,4,66.0,2021-12-30T21:14:04Z
Naits,unknown,coffin girl,coffin girl,2Cf1c7Hi8QQyK4fI6CnGUR,0.592,0.498,8,-9.724,1,0.0429,0,0.106,0.158,159.906,218278,4,45.0,2021-12-30T21:14:52Z
Yung Pinch,melodic rap/oc rap,Alright,Alright,200W1xYziXxzTc7QRpDcPA,0.649,0.473,1,-9.256,1,0.31,0,0.113,0.0916,179.966,185333,4,33.0,2021-12-30T21:20:12Z
Jbrisko,unknown,Slo Mo,Slo Mo,53nBKGLDctuCMcKmYK2aL8,0.892,0.661,10,-9.781,0,0.188,0,0.0841,0.525,95.495,150823,4,54.0,2021-12-30T21:20:25Z
Ouse,emo rap/sad lo-fi/sad rap,You Make It Worse,You Make It Worse,2alboHiLrvy2Xd3bTKyvGL,0.808,0.462,0,-11.588,1,0.0622,0,0.111,0.393,105.042,181179,4,0.0,2021-12-30T21:22:16Z
re4se,unknown,Sadboi Anthem 2,Sadboi Anthem 2,6gvRDXf8caePAu6FksGIU9,0.491,0.696,9,-6.18,1,0.0614,1.51e-05,0.0862,0.203,165.035,151458,4,43.0,2021-12-30T21:25:02Z
Ethan Ross,emo rap,katana,katana,6HgvW7GRxVZiMc7TlVvGG2,0.623,0.464,4,-10.619,0,0.31,0,0.333,0.706,180.113,149444,4,45.0,2021-12-30T21:26:48Z
Baby Keem,hip hop/rap,The Melodic Blue,16,1Is8hGpkGMiePASAxBluxM,0.701,0.782,1,-4.987,1,0.138,2.31e-06,0.124,0.57,94.03,156040,4,80.0,2022-01-06T22:15:08Z
PRXJEK,dark trap/scream rap,Antisocial,Antisocial,12vNn65KGk3ktMJ2C2cULW,0.666,0.625,9,-5.965,1,0.0523,0,0.058,0.11,145.035,141932,4,35.0,2022-01-10T21:02:48Z
PRXJEK,dark trap/scream rap,LET THE WORLD BURN,Devil Speaks,3SVP51u0DX9GBliFhjCAeq,0.305,0.82,8,-4.988,1,0.114,0.00156,0.196,0.164,172.935,154567,4,20.0,2022-01-10T21:02:59Z
Powfu,sad lo-fi/sad rap,the way that you see me (feat. Ayleen Valentine),the way that you see me (feat. Ayleen Valentine),5O6QAX1oI4iktfXP8HAmgi,0.548,0.341,0,-11.667,0,0.397,0,0.121,0.34,71.573,182417,4,0.0,2022-01-10T21:04:34Z
Lil Peep,cloud rap/emo rap/lgbtq+ hip hop,right here,right here,5OFf5pzpIcdstWwAhv5YXE,0.605,0.72,8,-7.116,0,0.0312,6.71e-06,0.116,0.213,110.034,176907,4,0.0,2022-01-10T21:05:30Z
SadBoyProlific,sad lo-fi/sad rap,Alone,Alone,50OPOdJbRx9iCJXGultmUf,0.874,0.358,9,-13.642,1,0.459,0.00196,0.336,0.437,119.091,160061,4,67.0,2022-01-11T22:53:34Z
maxime.,ottawa indie,‎whatevernowiscalled,the apathy song,6L4BJnZqC8s77W0yqHYes6,0.862,0.65,9,-4.39,1,0.163,0.000313,0.256,0.679,119.981,146000,4,0.0,2022-01-18T17:06:16Z
J. Cole,conscious hip hop/hip hop/north carolina hip hop/rap,The Off-Season,p r i d e . i s . t h e . d e v i l (with Lil Baby),5W8jRrZ6tWrTrqnKRtIQBf,0.861,0.656,4,-7.867,0,0.425,0,0.0986,0.331,88.967,218210,4,76.0,2022-01-18T21:11:20Z
Songer,chill drill,Dream Workz,All I Can Do,4FhN0gPJuwTob3snqgcgPI,0.697,0.68,0,-10.927,0,0.309,0,0.209,0.512,96.991,277943,4,44.0,2022-01-19T09:26:29Z
Marmon,unknown,FUCK LOVE,COBAIN,35lWS6TEHduJttavB9VzUm,0.539,0.87,11,-5.282,0,0.0698,0,0.246,0.376,93.591,189731,4,7.0,2022-01-23T10:08:49Z
Arrested Youth,modern alternative rock,Leave My Casket Open...,Leave My Casket Open...,44boFMUCUCPd0R41jk8vE8,0.571,0.652,2,-7.541,1,0.0477,0.0234,0.0674,0.237,85.004,164332,4,0.0,2022-01-23T10:19:42Z
Ethan Ross,emo rap,SINISTER,SINISTER,5qYtYZiY051W1CMpoVYulF,0.649,0.721,11,-7.78,0,0.0993,0.000144,0.118,0.554,165.078,119364,4,34.0,2022-01-23T10:27:46Z
s0cliché,emo rap/sad rap,Lotus,Lotus,4gqTBcIW1SPxO1zqxbmPnI,0.532,0.595,10,-9.164,0,0.0389,0.0546,0.119,0.235,164.037,181463,4,37.0,2022-01-23T10:28:34Z
Ryan Oakes,deep underground hip hop/indie pop rap,MILLENNIAL MELTDOWN,HELLBOY,7DkU4AK9MFzKOJmmeLE4fc,0.561,0.766,0,-6.696,0,0.279,3.03e-06,0.118,0.285,171.907,170031,4,47.0,2022-01-24T18:58:42Z
Ollie,indie pop rap/sad rap,Street Lights,Street Lights,1Z5oYcE6mve4GcPHU813T5,0.832,0.333,0,-10.711,1,0.18,0,0.113,0.516,79.985,239649,4,39.0,2022-01-25T19:22:08Z
Sadzilla,unknown,THIRTIES,THIRTIES,0fWMFWwD2dnq4c1lwT70Gl,0.731,0.623,11,-7.992,1,0.423,7.84e-06,0.588,0.664,96.046,139966,4,10.0,2022-01-25T19:24:49Z
Aries,unknown,"BELIEVE IN ME, WHO BELIEVES IN YOU",ONE PUNCH,4URdynWUR50mXggi06ilrJ,0.643,0.617,4,-5.217,1,0.0405,0,0.258,0.432,87.502,145371,4,59.0,2022-01-25T19:27:07Z
Justin Stone,deep underground hip hop/indie pop rap,MESS,MESS,5ac2xlGNJWLpdpcVUV8DY8,0.764,0.393,9,-10.623,1,0.101,0.00012,0.185,0.403,155.066,114581,4,34.0,2022-01-25T19:27:16Z
LoveJSan,unknown,hello?,hello?,5WhHsLpLgxbWbTHQQm29vF,0.568,0.658,7,-10.212,1,0.0408,0.0162,0.0886,0.511,175.085,148114,4,39.0,2022-01-25T19:27:47Z
LoveJSan,unknown,Saddest Popstar to Live,I Got You Flowers!,7sFRIgzKlKRSfBDWUvtpwU,0.598,0.54,7,-6.199,1,0.0363,0.000144,0.211,0.244,140.13,154000,4,43.0,2022-01-25T19:28:19Z
LoveJSan,unknown,Saddest Popstar to Live,Who Cares?,6HMZs3JUF875PIRrcx5MS4,0.688,0.547,1,-7.891,0,0.108,0,0.121,0.106,88.967,146000,4,27.0,2022-01-25T19:29:15Z
iamjakehill,sad rap,I Chose Violence,I Chose Violence,7l5GAw0cglUUnN7bKAz5ab,0.676,0.717,7,-8.641,1,0.323,0,0.118,0.451,162.016,139870,4,64.0,2022-01-25T19:32:59Z
Ollie,indie pop rap/sad rap,Like I Do,Like I Do,7B4xqfCtIxd0TWFA4nrABc,0.832,0.712,8,-7.857,1,0.148,2.53e-06,0.0934,0.476,80.959,149446,4,30.0,2022-01-25T19:34:00Z
Ollie,indie pop rap/sad rap,Feelings,Feelings,2EZy2nbJyUpIfPdbTyZbRO,0.828,0.313,2,-10.054,1,0.0666,0,0.126,0.518,82.022,202870,4,47.0,2022-01-25T19:34:58Z
kiLLa Laharl,anime phonk,Digital Shrine 2.0,Phonk House '99,6qdqRNcD3e8MTzFiJtR42B,0.716,0.846,0,-5.477,1,0.233,0.0257,0.197,0.403,128.092,121830,4,0.0,2022-01-25T19:35:42Z
guardin,cloud rap/emo rap,ditch,ditch,0qeyn0HzX5lM8yFYJ7YdYR,0.576,0.736,10,-3.602,1,0.0749,0,0.151,0.759,87.068,155517,4,41.0,2022-01-28T18:07:03Z
"nothing,nowhere.",cloud rap/emo rap,Sledgehammer,Sledgehammer,5MIhfLpd1fVmIUrTHNSP4E,0.693,0.442,7,-13.627,0,0.129,0,0.139,0.377,162.033,143704,4,45.0,2022-02-06T20:22:30Z
sadeyes,emo rap/sad lo-fi/sad rap,monarch,i got yr message,1ATiZWaQ3xKkXhnBUL75rV,0.563,0.68,0,-7.591,0,0.419,2.49e-06,0.275,0.349,143.843,146671,4,42.0,2022-02-15T19:26:12Z
Mac Miller,hip hop/pittsburgh rap/pop rap/rap,K.I.D.S.,Poppy,5wlz2r9Fu9kL9Snt4lntul,0.806,0.699,7,-5.791,1,0.291,0,0.105,0.461,94.622,172732,4,2.0,2022-02-16T11:08:21Z
Xuitcasecity,indie pop rap,Misunderstood,Misunderstood,4zp8noasnK5XNuNojkVhiy,0.794,0.504,6,-5.95,1,0.0588,0,0.0997,0.362,117.931,227797,4,56.0,2022-02-16T14:45:41Z
URO,danish pop,Værd At Vente På,Værd At Vente På,0h5mUBsm7o1n2NelFHclJj,0.655,0.545,11,-7.775,1,0.0421,5.69e-06,0.164,0.517,89.933,186000,4,36.0,2022-02-19T16:58:58Z
Jaden Hossler,pop punk/social media pop/teen pop,BETTER OFF DEAD,BETTER OFF DEAD,4ih3Y0t86lfK8m8pTgEx4I,0.684,0.672,10,-5.762,0,0.0341,0,0.116,0.381,93.965,155674,4,0.0,2022-02-24T09:08:37Z
Josh A,sad rap,Cold Heart,Cold Heart,4dPvsvGdLgN1akSh7j7Rlz,0.779,0.554,2,-8.247,1,0.0667,0,0.0942,0.299,90.016,151347,4,44.0,2022-02-25T23:49:39Z
Reti,unknown,Turn Up at Will,Splendor,4Qo2Te5rdZqJQgZ8qbgpQ6,0.388,0.732,11,-8.617,0,0.44,5e-06,0.0673,0.929,148.201,86256,4,26.0,2022-02-28T19:47:56Z
Ollie,indie pop rap/sad rap,Need Someone,Need Someone,1UubQzL9nNulJW5DHqMKVO,0.775,0.45,1,-8.752,1,0.112,0,0.104,0.554,79.987,183908,4,51.0,2022-02-28T19:55:23Z
G Smoove,unknown,Blood Of An Angel,Blood Of An Angel,5vlBWnnxCkFbfHg0hqTFuu,0.476,0.651,1,-10.474,0,0.361,4.44e-06,0.115,0.173,141.752,165500,5,2.0,2022-02-28T20:23:55Z
Lil Peep,cloud rap/emo rap/lgbtq+ hip hop,"Come Over When You're Sober, Pt. 2",Life is Beautiful,5rYpwP1dHWGVMrSZbTmt3e,0.533,0.638,10,-9.411,1,0.0636,0.000932,0.0758,0.324,135.056,207587,4,72.0,2022-02-28T21:18:10Z
Khalid,pop/pop r&b,Last Call,Last Call,7k0wVBW3cvV6Xmb87JikIf,0.553,0.727,5,-6.905,1,0.0348,0.0113,0.107,0.286,173.972,191376,4,64.0,2022-03-03T20:12:11Z
Lund,cloud rap/emo rap,Low,Low,5RLDbZPiqULNl4cr17eoIV,0.745,0.438,4,-7.018,0,0.0326,0.112,0.125,0.0409,119.99,233963,4,55.0,2022-03-04T20:28:57Z
Lund,cloud rap/emo rap,Project Of A Person,Issues,2Fi9ToRsQ3RmhPQbzCXHFa,0.754,0.517,11,-7.598,1,0.0368,0,0.0971,0.299,120.061,188560,4,49.0,2022-03-05T21:51:03Z
Lund,cloud rap/emo rap,Project Of A Person,Red Tide,0q4tj32GT3VySfGvVLGhfg,0.708,0.486,11,-8.275,1,0.163,0,0.113,0.343,134.443,183747,4,34.0,2022-03-05T21:52:18Z
Ollie,indie pop rap/sad rap,Lowkey,Lowkey,04upOOfD7Ma3nCUbXAbcWR,0.839,0.59,6,-4.76,0,0.137,0,0.233,0.387,86.473,133883,4,40.0,2022-03-05T21:59:20Z
lil aaron,cloud rap/emo rap,Dark Matter,Dark Matter,59fqSD7qydA8PQBStiLZCE,0.313,0.457,11,-8.187,0,0.0322,1.37e-05,0.134,0.378,75.592,137661,4,46.0,2022-03-05T22:00:07Z
Benedixhion,russian drain/russian emo rap,pseudoLove,toxin,79i617mqpQLwUs3WTokYX9,0.53,0.545,1,-7.951,0,0.0492,0.801,0.115,0.148,175.94,130893,4,49.0,2022-03-05T22:02:03Z
Noah 216,unknown,ENOUGH,ENOUGH,3CrK3WY8i8FEmd2rfqexmr,0.501,0.742,1,-9.226,1,0.0648,0,0.16,0.0769,141.008,122553,4,11.0,2022-03-05T22:07:05Z
sadeyes,emo rap/sad lo-fi/sad rap,monarch,i'm not okay,3GEPiS4iuMdtbtJdO5jBka,0.582,0.855,8,-4.214,1,0.306,0,0.686,0.672,144.875,155591,4,39.0,2022-03-05T22:14:51Z
sadeyes,emo rap/sad lo-fi/sad rap,monarch,fast life,7vaJk0uO6kNudE2lcVYagC,0.727,0.471,4,-8.829,0,0.124,0,0.183,0.232,135.076,147574,4,41.0,2022-03-05T22:15:08Z
Lil Xtra,emo rap,Make It Through Fall,Sober,1VqgmyypqKPL1s0A4zrCsP,0.589,0.823,6,-6.669,0,0.0591,0,0.14,0.327,164.958,236692,4,0.0,2022-03-05T22:15:51Z
Lil Xtra,emo rap,Forestdale,Forestdale,2XfBrbY5iWVddzsoT0BUIG,0.542,0.7,1,-4.945,1,0.0527,0.00102,0.115,0.56,111.31,150848,5,0.0,2022-03-05T22:17:35Z
NF,hip hop/pop rap,The Search,Hate Myself,5PdEiev2BkKiZtZFcNKjfM,0.533,0.84,9,-5.283,0,0.167,0,0.114,0.361,116.882,260253,4,72.0,2022-03-08T21:13:45Z
NF,hip hop/pop rap,Mansion,Paralyzed,5DHQKZCOZhGNTbYBCekWx0,0.51,0.643,0,-6.602,1,0.0485,3.22e-06,0.101,0.0397,130.081,270453,4,73.0,2022-03-15T22:33:48Z
Killstation,cloud rap/dark trap,The Two of Us Are Dying,Sarcoma,6gTbAJOvivFXwkOEhSIOtS,0.547,0.375,6,-10.093,1,0.0304,0,0.58,0.459,86.94,134210,4,60.0,2022-03-21T20:14:38Z
Brennan Savage,cloud rap/dark trap/emo rap,Belly of the Beast,Belly of the Beast,3nx1LABlssQw0JCmHTWMn3,0.628,0.602,2,-6.64,1,0.0444,1.57e-06,0.112,0.197,164.028,140488,4,56.0,2022-03-21T20:17:21Z
Cold Hart,cloud rap/emo rap,Wish Me Well,Thru the Screen,1JV0bFj7KIrbIpb3flnClS,0.703,0.856,3,-7.904,1,0.0517,0.000192,0.123,0.32,115.013,183654,4,50.0,2022-03-21T20:23:42Z
Lil Peep,cloud rap/emo rap/lgbtq+ hip hop,Star Shopping,Star Shopping,30bqVoKjX479ab90a8Pafp,0.585,0.471,4,-9.934,0,0.0616,0.0184,0.115,0.323,93.099,142000,4,8.0,2022-03-21T20:27:25Z
brakence,glitchcore/hyperpop,punk2,dropout,1Sl3gcmaeiU3vOMPpeM98V,0.752,0.274,1,-11.269,1,0.146,0,0.155,0.629,141.039,200923,4,51.0,2022-03-21T20:32:04Z
KUMMER,german hip hop/german pop,KIOX,9010,3S6gLmTazUpf94hrn9Tpi1,0.445,0.799,10,-5.73,1,0.521,0,0.172,0.299,86.616,209729,5,54.0,2022-03-21T20:32:48Z
YAWNS,cloud rap/emo rap,Worthless,Toxic,4wwD3oDqVM5QTIL4ILPHiQ,0.582,0.761,9,-5.704,1,0.0614,2.86e-05,0.339,0.413,154.914,129677,4,39.0,2022-03-21T20:34:05Z
Drippin So Pretty,cloud rap/emo rap,Rest In Peace,Loaded,2aHYjAu2izU7hF9EFAOx8i,0.689,0.885,8,-6.563,1,0.115,0,0.114,0.776,169.103,119290,4,40.0,2022-03-21T20:34:25Z
Lil Peep,cloud rap/emo rap/lgbtq+ hip hop,Gym Class,Gym Class,08AJ0xQv5LRZsvXf1Jkr2y,0.622,0.347,8,-13.292,1,0.0649,0.00421,0.0841,0.0757,75.512,217000,4,0.0,2022-03-21T20:36:27Z
Lil Xan,cloud rap,TOTAL XANARCHY,Betrayed,4vaxvNDaLSoD36iZX515ug,0.821,0.434,10,-9.194,0,0.118,0,0.128,0.241,120.012,187173,4,70.0,2022-03-21T21:06:01Z
Mac Miller,hip hop/pittsburgh rap/pop rap/rap,Circles,Blue World,2hwOoMtWPtTSSn6WHV7Vp5,0.742,0.553,8,-8.98,1,0.419,0,0.0694,0.508,84.931,209440,4,75.0,2022-03-27T14:08:27Z
Hikiray,russian drain/russian emo rap,Ss,Sad Side,3Ue0UZ01bcRE60Bx2x0p7M,0.539,0.451,7,-10.603,1,0.0395,0.421,0.108,0.145,199.908,96000,3,42.0,2022-03-28T07:43:27Z
Killstation,cloud rap/dark trap,The Two of Us Are Dying,Perplexion,13m5HQh3NzNyukUsA0GyYq,0.599,0.485,4,-5.859,0,0.0282,9.67e-06,0.173,0.65,99.009,138199,4,39.0,2022-04-08T13:34:58Z
Lxst,sad rap,Lost,Homicide,140yxPsD6SvMVOySZssyA0,0.624,0.619,6,-6.8,0,0.0525,0,0.113,0.206,146.947,162449,4,49.0,2022-04-08T13:37:07Z
Kado,sad rap,Where You Went Wrong,Where You Went Wrong,3aKvqz93jCYwr1qQXD0OlZ,0.63,0.468,10,-6.395,1,0.0337,0,0.313,0.393,164.031,178095,4,42.0,2022-04-13T08:25:55Z
BONES,cloud rap/dark trap,IFeelLikeDirt,AirplaneMode,5XKZua8kqgHwcxeKiMIjge,0.847,0.601,11,-6.311,0,0.103,0.787,0.11,0.548,139.996,75429,4,76.0,2022-04-13T09:08:05Z
Kado,sad rap,Take It All,Take It All,7aqhFo8oXyOCDZlOF41Fcd,0.81,0.491,11,-6.953,1,0.0609,0,0.284,0.511,90.524,176405,4,57.0,2022-04-13T09:10:10Z
Raeusi,unknown,Wesson,Wesson,5LObYTTLCpqhTQIMWeBAvx,0.766,0.615,2,-7.708,1,0.25,1.95e-06,0.129,0.417,95.15,169226,4,47.0,2022-04-13T10:03:18Z
Juice WRLD,chicago rap/melodic rap/rap,Tell Me U Luv Me (with Trippie Redd),Tell Me U Luv Me (with Trippie Redd),4CNcRgjGw1v9VQaTaytdnD,0.609,0.757,2,-5.605,1,0.119,0,0.63,0.379,128.022,180129,4,0.0,2022-04-13T10:14:55Z
IDK,pop rap/underground hip hop,IDK & FRIENDS :),ONCE UPON A TIME (FREESTYLE),7hZoTr4ffMGqm9opMiGmBp,0.762,0.807,10,-5.573,0,0.292,0,0.105,0.711,91.107,150819,4,62.0,2022-04-13T14:11:21Z
Ollie,indie pop rap/sad rap,Affection,Affection,7mR4Y9iIEI16h3oK3sTS7S,0.738,0.418,0,-7.436,0,0.192,0,0.197,0.779,150.061,179061,4,37.0,2022-04-13T14:45:10Z
Ryan Oakes,deep underground hip hop/indie pop rap,R.I.P,R.I.P,5QZ3Kj45XirIHeH66cj9B3,0.586,0.882,4,-2.854,1,0.0394,0,0.538,0.768,95.973,127813,4,26.0,2022-04-14T12:03:36Z
Ollie,indie pop rap/sad rap,Forgotten,Forgotten,3F5Yo1uPPsVwd7uuvIJC2z,0.748,0.308,10,-11.162,0,0.37,0,0.116,0.465,155.87,169231,4,42.0,2022-04-18T09:58:33Z
iamjakehill,sad rap,Hiding in the Dark,Hiding in the Dark,1eau7EVXGFffQAGYFxIx6w,0.621,0.601,0,-7.601,1,0.124,0,0.0775,0.418,174.069,184142,4,62.0,2022-04-18T10:08:25Z
iamjakehill,sad rap,By the Sword,By the Sword,3HsFSrIsbO54TFDfG66pZm,0.685,0.76,2,-7.813,1,0.0512,0.151,0.0866,0.781,160.035,125812,4,72.0,2022-04-18T10:11:51Z
Benedixhion,russian drain/russian emo rap,pseudoLove,friendlist,5T34ul6NnLZpQQt40B7iaK,0.535,0.615,6,-9.143,1,0.0372,0.457,0.109,0.182,175.054,155115,4,25.0,2022-04-25T19:58:51Z
kiLLa Laharl,anime phonk,Digital Shrine,M3,5ue6NJFixWfhTAtZggIpzV,0.554,0.447,7,-12.174,1,0.0556,0.923,0.0978,0.13,77.477,154149,4,0.0,2022-04-25T19:59:06Z
Benedixhion,russian drain/russian emo rap,pseudoLove,its2much,6IsWaXGdyNigurObrFnAIV,0.395,0.54,10,-8.631,1,0.0406,0.898,0.0997,0.154,92.205,137018,4,32.0,2022-04-25T19:59:39Z
quiizzzmeow,russian drain/russian emo rap/russian hyperpop,Aomine Daiki,Aomine Daiki,5X1FYw7MXEgnPmQAYwAa0q,0.51,0.817,1,-6.192,1,0.0474,0,0.355,0.159,82.466,167273,4,56.0,2022-04-25T20:00:09Z
Hikiray,russian drain/russian emo rap,Ss,Akudama Drive,0FAsV2ktrDkpRFsGq9999W,0.821,0.392,4,-9.068,1,0.058,0.0342,0.0872,0.577,100.032,98400,4,32.0,2022-04-25T20:02:09Z
Hikiray,russian drain/russian emo rap,Senorita,Senorita,33dUGsSs976WzdZx9URPyX,0.803,0.561,3,-9.724,0,0.137,0.00114,0.107,0.314,98.084,102857,4,32.0,2022-04-25T20:03:12Z
BONES,cloud rap/dark trap,OFFLINE,Molotov,7tP5Ck8scaP9OS36GHUIN4,0.553,0.425,11,-9.483,1,0.396,4.37e-06,0.133,0.176,183.966,166740,4,58.0,2022-04-25T20:06:34Z
BONES,cloud rap/dark trap,FromBeyondTheGrave,Ashes,4K4Rys1SsGGX88c3S6M9Ro,0.871,0.502,8,-9.344,0,0.0538,0.0037,0.116,0.497,130.024,119510,4,64.0,2022-04-25T20:07:48Z
BONES,cloud rap/dark trap,FromBeyondTheGrave,RedAlert,4c47cMjmbEs1Iy0mlgjhgJ,0.756,0.456,5,-9.2,0,0.0501,0.0384,0.349,0.216,159.999,132049,4,57.0,2022-04-25T20:07:59Z
Killstation,cloud rap/dark trap,XXII,POISON,5j13BpoU7kNpDyonOaRs72,0.348,0.885,11,-4.626,1,0.256,0,0.146,0.577,124.141,163209,4,46.0,2022-04-25T20:09:48Z
Lil Peep,cloud rap/emo rap/lgbtq+ hip hop,Kiss,Kiss,4J3FltfCktHfD9iPCneDGy,0.346,0.769,4,-7.224,1,0.109,0,0.0815,0.163,150.589,250267,4,0.0,2022-04-25T20:11:14Z
CORPSE,pov: indie,Miss YOU!,Miss YOU!,3pXVmZh293nWtqxildz9jf,0.792,0.829,2,-6.612,1,0.256,0.0755,0.582,0.17,93.044,92856,4,65.0,2022-04-25T20:12:35Z
BONES,cloud rap/dark trap,UNRENDERED,SystemPreferences,2jEWQ5Rsg5vxgZiBxGy7Qc,0.692,0.614,4,-9.073,0,0.0463,0.0179,0.0878,0.243,161.963,162816,4,53.0,2022-04-25T20:13:36Z
Justin Stone,deep underground hip hop/indie pop rap,Goldmine,Goldmine,4MgySCtoz644akUxl0yaH8,0.696,0.53,9,-8.977,1,0.138,2.85e-05,0.179,0.252,75.03,128000,4,29.0,2022-04-27T05:01:51Z
Justin Stone,deep underground hip hop/indie pop rap,DEAD OR ALIVE,DEAD OR ALIVE,2HNrnOTTeuSWcoMwp9YGtE,0.634,0.741,10,-8.456,1,0.0587,0,0.103,0.319,81.023,106500,4,19.0,2022-04-27T13:35:02Z
t-low,german hip hop/german trap,Benzo Diaries,Crashen,5STeQZH1Ahz3h0X9Njaij7,0.649,0.733,11,-8.462,0,0.3,0,0.122,0.498,150.874,178013,4,3.0,2022-04-27T20:19:52Z
Lil Peep,cloud rap/emo rap/lgbtq+ hip hop,crybaby,lil jeep,5OXPfNGyUDTMOSaGhbAvOr,0.744,0.357,10,-6.544,0,0.0971,1.69e-05,0.132,0.114,78.03,203027,4,0.0,2022-04-28T12:54:18Z
Benedixhion,russian drain/russian emo rap,IDKWTFTODO,stillTOXIKK,6JGeGtWdQPRumYS03YN3vu,0.575,0.693,1,-7.315,1,0.0474,5.13e-05,0.173,0.524,139.957,162480,4,11.0,2022-04-28T20:58:44Z
daine,chill pop/hyperpop,Quantum Jumping,weekends,6rCgN00t4al5TAqo4pNGOk,0.616,0.697,4,-5.4,0,0.0693,0,0.142,0.308,146.639,172893,4,27.0,2022-05-02T19:52:40Z
Hikiray,russian drain/russian emo rap,lonely thoughts,lonely thoughts,0vDT2EIK80CaX8IHo9zyeZ,0.633,0.831,7,-6.835,0,0.0776,0.00138,0.366,0.537,160.147,144000,4,34.0,2022-05-02T20:26:14Z
Brennan Savage,cloud rap/dark trap/emo rap,Tragedy,Dreams of You,2OoB6AHLHuLxhkNHrUH7lD,0.65,0.737,9,-5.018,0,0.0402,5.09e-06,0.0949,0.376,130.015,168000,4,56.0,2022-05-05T08:36:15Z
Tommy Ice,emo rap/sad rap,Nightmare,Nightmare,3fcQg4KJwnP4oDqCVXKi87,0.733,0.512,6,-5.068,0,0.0389,1.33e-05,0.174,0.564,79.972,120016,4,54.0,2022-05-11T16:45:37Z
Unodavid,melodic rap,Me Again,Me Again,602ue13V6CyZzoVvOgLiRA,0.746,0.465,0,-13.581,0,0.0331,3.01e-05,0.0675,0.662,94.502,142512,4,55.0,2022-05-11T16:47:56Z
Unodavid,melodic rap,In My Head,In My Head,5jfkhjOOHwuZeNQ9hpIEYE,0.543,0.61,9,-7.646,1,0.0646,0,0.133,0.101,177.999,114286,4,60.0,2022-05-11T17:01:38Z
Justin Stone,deep underground hip hop/indie pop rap,STARS,STARS,5kKBiMmb4eeG5xCv52cg6h,0.6,0.454,2,-13.399,1,0.111,0.000432,0.111,0.201,159.971,120000,4,25.0,2022-05-11T17:45:14Z
Tommy Ice,emo rap/sad rap,Scars,Scars,18GGWv5FaSgvGef8XpMYhz,0.822,0.49,1,-7.633,1,0.274,0,0.0871,0.352,90.005,106781,4,44.0,2022-05-11T18:40:52Z
The Chemical Brothers,alternative dance/big beat/breakbeat/electronica/rave/trip hop,Born In The Echoes,Go,2Xhd1kYKj2aee7JR3nIlRe,0.751,0.897,1,-3.598,1,0.0468,2.88e-05,0.329,0.482,119.97,260697,4,50.0,2022-05-12T13:00:08Z
Vaboh,emo rap,I'm Not Your Angel,I'm Not Your Angel,7lz4Weg1JzflW7i81QT9q0,0.56,0.832,5,-5.355,0,0.0707,0,0.156,0.574,161.956,154074,4,35.0,2022-05-12T13:17:11Z
Benzz,unknown,Je M'appelle,Je M'appelle,6A3SB2C4U6JtCavQOXLYNN,0.807,0.75,11,-4.396,1,0.237,0,0.164,0.961,141.176,139574,4,76.0,2022-05-18T00:14:00Z
Sleepy Hallow,brooklyn drill/nyc rap,Still Sleep?,2055,4XvcHTUfIlWfyJTRG0aqlo,0.829,0.512,6,-5.865,0,0.187,0,0.12,0.638,80.511,123987,4,83.0,2022-05-24T20:22:39Z
Vaboh,emo rap,I’m Sick of Trying,I’m Sick of Trying,05plS1JmxIeJd7izkQ0rkC,0.432,0.482,5,-9.756,0,0.156,0,0.109,0.438,83.054,188054,4,51.0,2022-05-24T20:23:59Z
Vaboh,emo rap,Mistakes Before I’m Gone,Mistakes Before I’m Gone,24UoSYXT9v3JyxJvxuKU5j,0.748,0.487,5,-9.832,0,0.0456,1.76e-06,0.134,0.224,144.995,132414,4,43.0,2022-05-24T20:24:52Z
Promoting Sounds,aesthetic rap/sad lo-fi,i still think of u,i still think of u,0qJOO0qpBFmR1vXf4rMRuj,0.699,0.665,5,-9.676,1,0.0339,0,0.147,0.352,119.989,180000,4,47.0,2022-05-24T20:27:15Z
Unodavid,melodic rap,Till The End,Till The End,5lokmjMN1o94HQilvJscMU,0.784,0.63,6,-7.727,0,0.0401,5.73e-05,0.0975,0.312,129.993,132979,4,43.0,2022-05-31T07:33:25Z
Helve,unknown,lay low,lay low,2inKwSXGCYt6Pb4Bqx9PFk,0.682,0.282,11,-13.203,1,0.0945,0,0.389,0.463,129.889,149538,4,34.0,2022-06-01T08:40:19Z
Unodavid,melodic rap,Perfect Pair,Perfect Pair,06I2PKNDtP6ypDXAMqCARp,0.728,0.439,11,-10.62,1,0.143,0,0.106,0.34,82.962,130058,4,54.0,2022-05-11T17:04:06Z
Hikiray,russian drain/russian emo rap,Samurai,Tokyo Drift,6KpcEpRIeM2mNu3EJa8azP,0.694,0.726,8,-7.551,0,0.154,0.109,0.177,0.343,179.952,122667,4,32.0,2022-06-03T08:56:52Z
Justin Stone,deep underground hip hop/indie pop rap,BOATLOAD,BOATLOAD,2IvTW70uUAPK9bKy3jAUlG,0.642,0.692,4,-8.812,0,0.0384,0,0.129,0.834,145.017,150621,4,22.0,2022-06-03T09:07:21Z
Wett Brain,sad rap,Suicidal,Suicidal,4RPSpwcOe5NgQloQS2CDGp,0.7,0.509,7,-10.055,0,0.11,0,0.0815,0.633,87.999,142988,4,56.0,2022-06-07T12:20:25Z
Unodavid,melodic rap,i'm seeing red,verified loner,6u08fmRhbfUC9Eh0QeD6D2,0.57,0.56,4,-7.844,0,0.0407,0,0.0998,0.188,90.049,109401,4,52.0,2022-06-07T12:53:23Z
Mac Miller,hip hop/pittsburgh rap/pop rap/rap,K.I.D.S.,The Spins,51pshtuYkgUQnt5huMPbKL,0.794,0.766,9,-3.894,0,0.0377,0,0.0785,0.55,127.007,195873,4,20.0,2022-06-07T19:14:11Z
Seon,lo-fi chill/sad lo-fi/sad rap,Never Be Alright,Never Be Alright,6v5vr3SqSczkqIIVeW8RjZ,0.835,0.284,7,-10.121,0,0.0778,3.96e-06,0.102,0.286,86.982,168308,4,65.0,2022-06-07T19:53:45Z
Karpe,norwegian hip hop/norwegian pop/norwegian pop rap,Omar Sheriff,IBOPROFEN,5vtRUF1yqzWWwZe5rN901j,0.446,0.713,6,-6.362,0,0.518,0,0.674,0.573,69.592,130920,4,53.0,2022-06-07T20:24:51Z
Karpe,norwegian hip hop/norwegian pop/norwegian pop rap,Omar Sheriff,PAF.no,2coLAzVouJE4BC8lrKbDLk,0.827,0.421,8,-8.996,1,0.0609,1.17e-05,0.164,0.703,98.041,226706,4,59.0,2022-06-07T20:24:52Z
Karpe,norwegian hip hop/norwegian pop/norwegian pop rap,Omar Sheriff,SALMALAKS,77CbBhyQwjWgF5EWT76cPY,0.613,0.515,6,-7.826,0,0.288,4.76e-05,0.358,0.551,164.806,232364,4,50.0,2022-06-07T20:24:54Z
Karpe,norwegian hip hop/norwegian pop/norwegian pop rap,Omar Sheriff,"KENYA - Live from DY Patil Stadium, Mumbai",49LvD3xCNUitKp7ex86B3P,0.383,0.547,9,-8.392,1,0.0644,2.12e-06,0.954,0.456,144.642,226965,4,52.0,2022-06-07T20:24:55Z
BONES,cloud rap/dark trap,UNRENDERED,CtrlAltDelete,1ZNVczQsUBA64aWhvWqaap,0.69,0.803,7,-9.084,0,0.0915,6.49e-05,0.117,0.204,161.489,178224,4,71.0,2022-06-10T10:31:00Z
BONES,cloud rap/dark trap,Rotten,HDMI,7I4ibsZgwuf46g0xHuTC8s,0.713,0.29,7,-16.365,1,0.0647,0.807,0.318,0.121,124.941,139440,4,76.0,2022-07-17T19:54:16Z
347aidan,sad rap,HARMONY,HARMONY,0pj4T7AzKyVOYmnSnxgdge,0.359,0.786,4,-3.619,0,0.048,0,0.101,0.359,200.075,156000,4,45.0,2022-06-20T19:56:05Z
Sleepy Hallow,brooklyn drill/nyc rap,Die Young (feat. 347aidan),Die Young (feat. 347aidan),6EbVuwU7EnKeF2hdpViXCH,0.808,0.582,11,-6.26,1,0.338,0,0.111,0.675,77.471,148817,4,75.0,2022-06-20T20:11:43Z
BONES,cloud rap/dark trap,WITHERED,IridescentArmor,3H20oicQIiiCPvJuxQJdid,0.619,0.7,3,-10.138,0,0.0394,0.00431,0.0997,0.402,159.944,120059,4,52.0,2022-07-14T12:01:54Z
cloverscars,unknown,useless,drive me crazy,1LA5EjxjpB9YYmBsGHh3yF,0.639,0.641,1,-6.839,1,0.0539,0,0.49,0.474,95.066,154854,4,2.0,2022-07-17T19:34:33Z
cloverscars,unknown,Too Far Gone,Too Far Gone,1UoCgyUXBJpv2FEnlvxtq0,0.462,0.727,8,-6.367,0,0.0923,0,0.126,0.15,95.114,162667,4,31.0,2022-07-17T19:35:15Z
Whxami,cloud rap/emo rap,Only Feet Apart,Only Feet Apart,61Ai4EQgz7fkAEYc122zFP,0.686,0.799,5,-6.178,1,0.0329,0.0356,0.118,0.315,123.997,217016,4,1.0,2022-07-19T10:59:29Z
s0cliché,emo rap/sad rap,Miles Away,Miles Away,3fKSBkFf6qBRJc6cqRSSdM,0.688,0.684,2,-6.395,1,0.0374,0,0.108,0.203,144.987,149521,4,33.0,2022-07-19T20:48:06Z
Lund,cloud rap/emo rap,Project Of A Person,Downhill,2QgPz3vOnVc9lfVj5fEwdU,0.849,0.417,4,-9.037,0,0.0512,8.48e-06,0.047,0.515,120.004,175067,4,36.0,2022-07-23T08:30:58Z
Lund,cloud rap/emo rap,Project Of A Person,Moon,3eZXeTzRtqFrpj5zSfw9V0,0.842,0.336,5,-10.937,1,0.0878,0.00112,0.11,0.705,153.989,180813,4,49.0,2022-07-23T08:35:32Z
BONES,cloud rap/dark trap,SCUMBAG,Dirt,00RaykzZO1vFk3eSSxHYHV,0.853,0.726,3,-7.414,0,0.0728,0.000329,0.11,0.821,136.073,140251,4,59.0,2022-07-27T07:05:11Z
BONES,cloud rap/dark trap,UNRENDERED,TheGrandestNothing,386QiZIx879nFQDPllTLnv,0.867,0.357,10,-15.687,0,0.291,2.85e-06,0.106,0.322,94.78,142656,4,53.0,2022-07-27T07:15:20Z
Cold Hart,cloud rap/emo rap,Me and You,Me and You,3f1ChZHm6v4KdUaEW5y5qd,0.613,0.614,1,-7.235,1,0.0439,0,0.094,0.198,93.984,224813,4,66.0,2022-07-27T07:31:29Z
Whxami,cloud rap/emo rap,I Hope Its What You Wanted,I Hope Its What You Wanted,63ospwRbwh0ZmOQJXCvRJq,0.61,0.838,8,-4.399,0,0.153,0.00147,0.387,0.322,110.138,186816,4,35.0,2022-07-27T18:18:12Z
charlieonnafriday,singer-songwriter pop,Enough,Enough,4vuVzf7BIZhDAFm3TB0Tzy,0.745,0.543,7,-8.137,1,0.0396,0,0.174,0.242,139.964,185267,4,73.0,2022-08-21T16:41:35Z
Benedixhion,russian drain/russian emo rap,2008,2008,6RJTTdrrujVYAyVdqL04L9,0.734,0.813,0,-6.027,1,0.173,0.00615,0.173,0.676,128.001,105050,4,0.0,2022-08-21T20:31:36Z
Doyle Perez,unknown,A W O L,A W O L,2C722TdzWRJNZGj0fOwShb,0.793,0.392,7,-9.133,1,0.37,0.000958,0.0681,0.297,163.927,182927,4,38.0,2022-08-25T08:58:42Z
Pardyalone,indie hip hop,She Likes My Tattoos,She Likes My Tattoos,2Lle3tbO97Dd4I3deOZ92g,0.611,0.773,1,-4.737,1,0.0437,0,0.572,0.565,90.072,164327,4,49.0,2022-08-26T07:10:25Z
Red Mirror,unknown,Boulevard,Boulevard,1KOqF2mlhizCgajFwP3ahK,0.621,0.285,8,-15.226,1,0.043,0.000719,0.128,0.111,130.054,180981,4,32.0,2022-08-26T07:10:27Z
Bebo Backwoods,unknown,Fuego,Fuego,1trKA49CcG890j2XTFMVHI,0.669,0.702,7,-9.76,0,0.187,0,0.247,0.116,88.14,211775,4,41.0,2022-08-26T07:10:29Z
Silent Boy,unknown,old songs archive,Hurt,1ASvw1amty1PkqXKE0dXYn,0.678,0.57,1,-8.607,1,0.0465,1.74e-05,0.354,0.193,140.777,190204,4,29.0,2022-08-26T07:10:33Z
Килджо,chill phonk,No Feelings,No Feelings,3FqmwcPz3tbEkUdpcqgiFw,0.767,0.633,11,-8.745,0,0.0442,0.223,0.049,0.455,120.004,137900,4,51.0,2022-08-26T08:20:27Z
AMAG,unknown,Shadow,Shadow,1aPlEVh0l7KOTG5UWeE5kj,0.699,0.58,5,-7.147,1,0.0699,0,0.132,0.37,87.446,164743,4,63.0,2022-08-28T14:42:51Z
Eminem,detroit hip hop/hip hop/rap,From The D 2 The LBC (with Snoop Dogg),From The D 2 The LBC (with Snoop Dogg),7My9ca9QEIR8MvIOdIrTWA,0.73,0.785,9,-7.986,0,0.243,0,0.0445,0.596,82.037,215120,4,72.0,2022-08-28T18:46:22Z
Kringe,unknown,4AM,4AM,5atQp8KJYDktlNKfw5nxVv,0.798,0.557,1,-7.862,0,0.0578,0.00215,0.111,0.393,117.044,165135,4,49.0,2022-08-28T19:03:26Z
shadowraze,russian drain,adaptive strike,adaptive strike,5jXocrsUwpKwWyI5BZLKFA,0.797,0.82,1,-6.646,1,0.0523,1.66e-06,0.0982,0.394,102.477,136113,4,57.0,2022-08-29T10:11:58Z
quiizzzmeow,russian drain/russian emo rap/russian hyperpop,сети,сети,2mKa6WpSZ97avRyIlPKRK8,0.634,0.784,5,-5.297,1,0.0677,0,0.161,0.434,90.041,131333,4,55.0,2022-08-29T10:13:11Z
quiizzzmeow,russian drain/russian emo rap/russian hyperpop,KATANA,KATANA,1p1kLISAymJBNLP7Npa6PC,0.804,0.726,9,-3.836,1,0.0391,0.00248,0.391,0.284,105.015,131387,4,41.0,2022-08-29T10:22:28Z
quiizzzmeow,russian drain/russian emo rap/russian hyperpop,Боль,Боль,0pvygVMK7Fdt5pYULYjnOi,0.575,0.794,10,-6.844,0,0.11,7.26e-06,0.154,0.558,164.969,146909,4,44.0,2022-08-29T10:24:48Z
Bugus,unknown,I Just Know,I Just Know,7xDKR7VFr2a4vmxrQDgkjh,0.925,0.504,11,-2.98,0,0.0972,0,0.137,0.672,130.124,138527,3,48.0,2022-09-01T12:40:11Z
Helve,unknown,i cut my hair,i cut my hair,4HFAYt4r35Qw9kUiEXzbGi,0.649,0.465,11,-11.392,1,0.0534,0,0.295,0.582,109.99,125619,3,21.0,2022-09-04T19:36:24Z
suisside,unknown,Keys to Your Heart,Keys to Your Heart,6oSvSp7ORHPR5O52s7liqf,0.465,0.56,8,-9.013,1,0.0309,0.0403,0.105,0.201,155.033,179649,4,48.0,2022-09-08T08:17:26Z
Justin Stone,deep underground hip hop/indie pop rap,10PM,10PM,0nGqvL3J3fVV5geOuS7jfb,0.759,0.632,9,-8.003,1,0.0307,0,0.184,0.436,99.974,153600,4,20.0,2022-09-09T20:55:31Z
Sin Davis,german cloud rap/german hip hop/german trap,3000 X Lila,Hell of a Night,5wyHCApLMsHnBrgWWlPWUE,0.559,0.576,2,-9.047,1,0.0327,0.399,0.117,0.207,153.89,175202,4,38.0,2022-09-18T18:05:17Z
Silent Boy,unknown,Isolate,Isolate,5OAln7SUuHT7CDuWlqU4Tj,0.245,0.371,9,-11.131,1,0.0587,5.55e-05,0.168,0.0619,71.327,135625,3,19.0,2022-09-18T19:25:03Z
Babi,indie triste,Lo jodiste,Lo jodiste,1Sedbo7kqP6PXnN5iKg183,0.735,0.415,0,-10.608,1,0.501,0.000145,0.0686,0.631,81.994,271307,4,62.0,2022-09-18T19:31:37Z
Babi,indie triste,NASA,NASA,40NZgN1uNdeZzPKjkM1QIW,0.582,0.4,1,-10.999,1,0.481,0.0333,0.124,0.413,139.187,220075,4,59.0,2022-09-18T19:33:10Z
Thuglit,unknown,are you alright,are you alright,4CXeMtsZvPJKoqMjfWR7Dd,0.564,0.714,10,-6.562,1,0.108,0,0.105,0.26,152.023,166602,4,6.0,2022-09-23T14:25:16Z
Burt Dogg,unknown,silhouette,silhouette,5R7ZkWFVEXH7l85nQrK0Hv,0.763,0.357,2,-6.775,1,0.0982,0.878,0.111,0.262,152.073,167368,4,18.0,2022-09-23T14:35:19Z
EKKSTACY,unknown,stupid kids,stupid kids,2q8bamk2WT0mU3ZSqS55sw,0.72,0.394,10,-9.843,1,0.26,3.43e-06,0.234,0.583,84.988,118862,4,56.0,2022-09-26T19:13:33Z
Acidfrank,unknown,Aspirin,Aspirin,3h60TNqC1PhfwY7XQYIn9a,0.829,0.426,7,-13.307,1,0.25,0.000183,0.0627,0.414,95.027,202419,4,33.0,2022-09-26T19:15:50Z
Tommy Ice,emo rap/sad rap,Cold Summer,You & Me,79ftuYqkz0SggPSkMOR81F,0.707,0.635,8,-5.968,0,0.255,0,0.135,0.548,177.055,158418,4,39.0,2022-09-26T19:24:16Z
Vwillz,singer-songwriter pop,Darkside,Darkside,3BvqjMhMCLNlluQagWb589,0.612,0.402,6,-11.926,1,0.0361,1.29e-06,0.21,0.304,82.478,134060,4,0.0,2022-10-04T18:21:30Z
2Scratch,traprun,NO LOVE,NO LOVE,554CXLtX0FfbYpU246qrr2,0.723,0.55,1,-8.201,0,0.212,0.0423,0.112,0.167,92.023,191739,4,57.0,2022-10-10T20:49:32Z
2Scratch,traprun,CITY OF ROSES,CITY OF ROSES,6tGGUY6Yoc4sA37qcnpgml,0.732,0.64,4,-5.343,0,0.186,0,0.129,0.149,97.935,173878,4,54.0,2022-10-10T20:50:00Z
2Scratch,traprun,EX.,EX.,6B0knTFWUYBsDCEHbIiopP,0.339,0.732,10,-4.656,0,0.223,0.000225,0.416,0.333,80.143,208457,1,55.0,2022-10-16T21:13:23Z
BONES,cloud rap/dark trap,SCRAPS,WeCanGetGum,06ikpucZqnG1ZeXX1fWsaa,0.691,0.341,2,-6.56,1,0.0615,0.384,0.168,0.0893,173.009,86309,4,58.0,2022-10-18T20:38:27Z
BONES,cloud rap/dark trap,DreamCard,Silverado,1dEuD0yviwEIndJGgzSVIN,0.929,0.217,2,-14.185,1,0.0701,0.141,0.0895,0.345,116.973,256000,4,46.0,2022-10-22T10:31:31Z
Mnogoznaal,russian electronic/russian hip hop,Круг Ветров,Колхозник,19guFw87TvSkoxnC9EBu2Y,0.859,0.707,7,-4.363,1,0.106,0.0445,0.11,0.572,101.992,158824,4,55.0,2022-10-24T18:48:31Z
BONES,cloud rap/dark trap,2MillionBlunts,Jodi,0495YbjJQO8MUV2nYpGrak,0.74,0.738,9,-7.973,0,0.0375,0,0.0944,0.62,137.965,96810,4,37.0,2022-11-07T11:40:57Z
iamjakehill,sad rap,Back From the Dead,Back From the Dead,4ZwpcOICaUL3VotDBugF60,0.689,0.793,1,-7.218,1,0.15,0,0.302,0.606,87.998,139120,4,55.0,2022-11-07T12:00:56Z
BONES,cloud rap/dark trap,CARCASS,IAmCertainlyNotWorthYourTime (ЯОпределенноНеЗаслуживаюТвоегоВремени),3n0Spg5IPvb2aXjEkn4exO,0.367,0.735,9,-8.446,0,0.478,0.000119,0.114,0.0506,80.97,163333,4,0.0,2022-11-08T08:23:07Z
Unaverage Gang,dark trap,Death Grip,Death Grip,4wjIegxneNyHLqrChjOaP1,0.665,0.614,11,-8.28,0,0.3,0.187,0.124,0.108,145.006,160836,4,0.0,2022-11-08T09:32:20Z
Brennan Savage,cloud rap/dark trap/emo rap,Look at Me Now,Look at Me Now,46eK1kembooWblMi7M7yLM,0.649,0.538,0,-9.793,0,0.0918,0.401,0.0928,0.355,160.075,150000,4,68.0,2022-11-08T11:37:02Z
Brennan Savage,cloud rap/dark trap/emo rap,Badlands,Scars,6CEEeCUrKhy2Tg8HqL7jFN,0.647,0.669,7,-7.841,1,0.0546,7.12e-05,0.113,0.559,90.027,98017,3,48.0,2022-11-08T11:39:46Z
Lil Peep,cloud rap/emo rap/lgbtq+ hip hop,"Come Over When You're Sober, Pt. 2",16 Lines,6akBF8JWM8lrpqejdwIfYI,0.607,0.45,0,-8.507,1,0.0338,1.12e-05,0.107,0.121,105.992,244907,4,70.0,2022-11-12T19:48:18Z
BONES,cloud rap/dark trap,OFFLINE,Timberlake,4TOlWNmtvxtIqWBqYv57BV,0.798,0.497,7,-7.94,1,0.162,0,0.17,0.513,171.983,133721,4,64.0,2022-11-19T11:28:23Z
BONES,cloud rap/dark trap,SparrowsCreek,LooseScrew,6Qd2OmDq4rPFQi7qCHapTx,0.379,0.43,1,-11.445,1,0.0509,0.0725,0.0861,0.0586,99.93,174375,4,67.0,2022-11-19T11:36:02Z
BONES,cloud rap/dark trap,NoRedeemingQualities,Oxygen,08TvXzt1TIVVQyIoQphndN,0.691,0.507,1,-11.035,0,0.0442,0.000856,0.113,0.15,119.977,142056,4,64.0,2022-11-19T11:39:40Z
Justin Stone,deep underground hip hop/indie pop rap,maybe this year,ocd & paranoia,6E8Yv38zadd7OwSTAaMrdS,0.535,0.598,5,-8.648,0,0.202,5.33e-06,0.202,0.0837,169.853,112941,4,25.0,2022-11-20T18:22:03Z
Crash Land,unknown,Weapons,Weapons,1QF6wy4QVfwnQvz7Jo3UnQ,0.859,0.822,0,-7.293,0,0.101,7.86e-05,0.145,0.304,104.002,163990,4,35.0,2022-11-22T09:35:49Z
Crash Land,unknown,Crash Land,Crash Land,35SG9590bJidL0nIx3oCY9,0.713,0.6,1,-5.159,1,0.113,0,0.347,0.145,168.012,198579,4,34.0,2022-11-22T09:38:01Z
BONES,cloud rap/dark trap,SCRAPS,CousinEddie,7zaeTWU2pJU0OgGTPtfpEE,0.619,0.595,9,-5.653,1,0.128,0.928,0.136,0.314,161.942,139494,4,46.0,2022-11-25T10:01:41Z
BONES,cloud rap/dark trap,ForbiddenImage,SugarFree,2n4P2UNMvMj5sNAA5xw7S3,0.8,0.452,2,-11.391,1,0.102,0.194,0.106,0.198,160.088,150126,4,41.0,2022-11-25T10:04:02Z
BONES,cloud rap/dark trap,InLovingMemory,AnyLastWords?,2evRFcJH7ZH8PeXk6JxfNi,0.659,0.427,6,-12.89,1,0.0536,0.262,0.112,0.277,79.988,133303,4,41.0,2022-11-25T10:10:01Z
BONES,cloud rap/dark trap,FromBeyondTheGrave,DarkShadowBlunts,6whN5aU7NVsnhpmV67Q7HA,0.681,0.543,11,-8.793,0,0.0422,0.0536,0.107,0.216,179.965,128470,4,65.0,2022-11-25T11:27:40Z
BONES,cloud rap/dark trap,YouShouldHaveSeenYourFace,Ribs,2XLDi0EEvJKe06OBxfsVEh,0.58,0.354,4,-14.581,0,0.152,0.405,0.14,0.188,180.055,82312,3,63.0,2022-12-01T09:20:03Z
2Scratch,traprun,Dubai Vibez,Dubai Vibez,15DpiGmG2YZ9g2LCKjZT5v,0.688,0.835,1,-5.804,1,0.155,2.7e-06,0.125,0.48,98.058,160102,4,45.0,2022-12-06T17:31:47Z
Ollie,indie pop rap/sad rap,Leave This Bar With You,Leave This Bar With You,23OpJD1ZP2zNf0M1o6t4ek,0.736,0.534,5,-5.672,1,0.0823,4.09e-06,0.199,0.514,160.085,161798,4,38.0,2022-12-08T09:08:52Z
ELIOZIE,unknown,Enemy of the Establishment,Try n Keep Up,5zdu5UT23xo0FFT3yb38TH,0.743,0.575,1,-5.475,1,0.271,0.00494,0.132,0.0851,80.045,135007,4,42.0,2022-12-14T11:27:35Z
BONES,cloud rap/dark trap,paidprogramming2,Rocks,2BbvbuxwQaHYdZa1GoO1hq,0.653,0.58,1,-10.846,0,0.0688,1.36e-05,0.112,0.112,84.014,137064,4,63.0,2022-12-15T13:31:21Z
BONES,cloud rap/dark trap,REMAINS,MonsterMash,4ELkYJjJpGXrh0tHtJ0Uav,0.767,0.497,10,-7.657,0,0.0476,0.724,0.104,0.296,151.963,97833,4,62.0,2022-12-15T13:33:33Z
BONES,cloud rap/dark trap,PaidProgramming,JonathanTaylorThomas,7IcZ3mc9dvJpeVpiQOtnfU,0.782,0.866,7,-5.625,1,0.253,1.46e-05,0.138,0.342,166.01,129802,4,46.0,2022-12-15T13:35:09Z
BONES,cloud rap/dark trap,WITHERED,PerpetualMotion,7J9mnj2P4jBi3BCcte3ffi,0.707,0.567,1,-7.688,1,0.0558,0.834,0.0993,0.0595,99.969,115252,4,39.0,2022-12-26T14:42:49Z
BONES,cloud rap/dark trap,NetworkUnknown,XLR,0OlLxqpcMutBKFZctsRWHK,0.572,0.377,2,-12.09,1,0.0437,2.96e-05,0.101,0.0475,187.986,190560,4,56.0,2022-12-26T23:39:38Z
6obby,cloud rap/emo rap,Elegance.,nobody,40BXhttVzavGpJFCuP5VT3,0.683,0.595,1,-5.733,0,0.0691,0,0.109,0.0557,160.037,180062,4,38.0,2022-12-27T00:00:04Z
PIND,danish hip hop/danish pop,Avalon,Avalon,0lE5lPp9xE9fCj0oR0Gcih,0.916,0.58,4,-7.082,1,0.0726,0,0.204,0.808,112.029,132857,4,33.0,2022-12-30T18:36:05Z
Lund,cloud rap/emo rap,Project Of A Person,Out Of Time,3Hops68rNGkSb6cu6WIjFp,0.686,0.436,1,-8.865,1,0.0336,0,0.0955,0.162,119.959,193853,4,50.0,2023-01-06T13:23:48Z
BONES,cloud rap/dark trap,SoThereWeStood,Sodium,5oo7lrBwuD4dVfJbBLyVyI,0.747,0.32,4,-15.49,0,0.0848,0.89,0.0727,0.103,121.032,115392,4,74.0,2023-01-17T13:37:38Z
Brennan Savage,cloud rap/dark trap/emo rap,Badlands,Lonely World,5VJQr2EMdzXZFjvInyp4AC,0.323,0.67,4,-7.009,0,0.104,0.185,0.168,0.179,84.137,102857,4,49.0,2023-01-17T13:39:01Z
Xavier Wulf,cloud rap/dark trap/memphis hip hop/underground hip hop,BRACE,Suffer,0JodbFYai1d6J2bbBBt8SN,0.55,0.698,2,-7.17,1,0.0608,0.25,0.0598,0.0759,119.82,130064,4,47.0,2023-01-17T13:42:32Z
Zari,unknown,COMEDOWN,COMEDOWN,5bm3iCYepa8CcfvCoVqeUp,0.748,0.673,10,-8.139,0,0.219,0.0136,0.0881,0.285,99.98,172817,4,33.0,2023-01-30T20:54:21Z
Justin Stone,deep underground hip hop/indie pop rap,MIDWEST POP STAR,HIGHS FOR LOWS,5NASaCGGEaNQzYzT5PYpLH,0.683,0.863,9,-4.635,1,0.227,0.00458,0.0602,0.621,89.465,214525,4,26.0,2023-02-02T08:15:39Z
BONES,cloud rap/dark trap,KickingTheBucket,Mortuary,69X0MSpeWgDjUJubquMkJL,0.595,0.757,1,-9.561,1,0.0332,0.0403,0.144,0.118,139.934,123696,4,53.0,2023-02-05T16:12:12Z
BONES,cloud rap/dark trap,OFFLINE,ChampagneInTheGraveyard,3rUCZwbbGiU2wJKtSj9nvW,0.705,0.386,1,-10.866,0,0.0851,0.0249,0.114,0.394,92.981,144065,4,43.0,2023-02-07T09:38:35Z
Night Lovell,aesthetic rap/canadian hip hop/canadian trap/cloud rap/dark trap/ottawa rap,Just Say You Don't Care,Alone,32gSPav2xqFylAeCjJCxWi,0.827,0.599,10,-10.03,1,0.0672,0.36,0.116,0.695,143.966,130000,4,66.0,2023-02-07T09:38:36Z
Lund,cloud rap/emo rap,Sorrow,Sorrow,1xI6xvAbshvCNZTCvUpql8,0.745,0.684,5,-4.86,1,0.0616,0.000315,0.108,0.375,156.044,147692,4,54.0,2023-02-09T08:55:30Z
Brennan Savage,cloud rap/dark trap/emo rap,Badlands,Badlands,4GhHrgsaiQsuMQCHTGa87C,0.538,0.655,11,-9.339,0,0.242,0.131,0.102,0.25,165.902,106988,4,48.0,2023-02-20T08:50:00Z
BONES,cloud rap/dark trap,Disgrace,TheRoadLessTraveled,4h1FMkXpsOEIuPepqPsk97,0.688,0.296,7,-13.433,0,0.0767,0.00764,0.173,0.16,148.934,146400,4,47.0,2023-02-20T08:50:06Z
6LACK,atl hip hop/melodic rap/r&b/rap/trap,Since I Have A Lover,Since I Have A Lover,1qtwebmDBKPQEggSKGoSfy,0.707,0.73,0,-4.152,1,0.0317,0.018,0.286,0.11,120.022,282001,4,8.0,2023-03-05T12:13:32Z
$uicideboy$,cloud rap/dark trap/new orleans rap/underground hip hop,YUNGDEATHLILLIFE,Lte,6GB3N6bDucdHThFVDCBcCv,0.783,0.494,1,-7.647,1,0.0522,0.578,0.123,0.038,106.009,133747,4,72.0,2023-03-07T13:43:23Z
$uicideboy$,cloud rap/dark trap/new orleans rap/underground hip hop,Now the Moon's Rising,Paris,6tO5bxNnMuh1c3cziSpecA,0.849,0.648,7,-6.188,1,0.0835,0.00636,0.0984,0.195,106.058,111020,4,80.0,2023-03-19T19:59:40Z
BONES,cloud rap/dark trap,CARCASS,DownTheDrain (Впустую),2QgvsPzPfaBqFKbX85kesm,0.914,0.518,9,-6.982,1,0.13,0.0136,0.111,0.192,142.022,114960,4,34.0,2023-03-29T06:49:19Z
BONES,cloud rap/dark trap,NetworkUnknown,Inferno,7hTfDiFvdUn2E9w4NWg2u8,0.669,0.929,11,-6.421,0,0.0436,0.00113,0.269,0.356,127.975,100728,4,29.0,2023-03-29T07:37:32Z
BONES,cloud rap/dark trap,Useless,RestInPeace,0PFrtQ8cP9w9pf3751q52I,0.539,0.811,8,-10.005,0,0.0804,4.06e-05,0.206,0.166,119.965,128328,4,49.0,2023-03-29T07:42:56Z
BONES,cloud rap/dark trap,SCUMBAG,GraveyardGod,0G76KGapGMjq1j7Treh3rV,0.697,0.794,9,-9.091,1,0.0636,0.158,0.106,0.3,116.034,109113,4,41.0,2023-03-29T09:18:16Z
Deergod,cloud rap,ChangeofScenery,ChangeofScenery,1pNwTIw96nIcqnweeC0GNF,0.651,0.5,3,-11.38,0,0.284,0.438,0.143,0.632,78.009,115667,4,47.0,2023-04-10T19:16:24Z
Anima Vestra,unknown,Desire,Desire,3w1aDGZMmxSAN9VV5HBAkg,0.695,0.731,5,-6.856,0,0.191,0,0.184,0.629,110.099,111273,4,42.0,2023-05-03T08:55:54Z
Anderson .Paak,escape room/hip hop/indie soul/neo soul,Bubblin,Bubblin,6BvtitRX5lQC87YlA6rq0n,0.568,0.873,1,-5.22,1,0.265,0,0.367,0.547,106.783,209093,5,57.0,2023-05-18T13:02:59Z
JID,hip hop/pop rap/rap/underground hip hop,DiCaprio 2,151 Rum,22WV03i2lBbwNVCE1g671p,0.756,0.867,7,-3.626,1,0.162,0.00285,0.33,0.666,129.983,156780,4,72.0,2023-05-18T13:04:29Z
O.T. Genasis,southern hip hop/trap,Everybody Mad,Everybody Mad,5R443dM3IGHeWtVuro7DQA,0.858,0.731,2,-4.121,1,0.0961,1.71e-05,0.0987,0.431,164.054,199390,4,55.0,2023-05-18T13:09:16Z
Kiraw,unknown,XTC,XTC,1zv9AJbiLS7PhtsGVx8oro,0.671,0.859,8,-4.634,0,0.116,0.183,0.127,0.387,136.018,112941,4,16.0,2023-05-19T17:59:16Z
A$AP Rocky,east coast hip hop/hip hop/rap/trap,LONG.LIVE.A$AP (Deluxe Version),LVL,787rCZF9i4L1cXGMkdyIk4,0.597,0.427,5,-6.764,0,0.0536,1.33e-05,0.121,0.0997,120.085,220133,4,70.0,2023-05-20T15:53:02Z
Lui Joseph,sad rap,Computer Crash,Computer Crash,6MZ91tbZxwwqimJffOoLsW,0.782,0.52,7,-9.338,0,0.171,0,0.0747,0.495,113.958,169509,4,62.0,2023-05-25T11:52:34Z
$uicideboy$,cloud rap/dark trap/new orleans rap/underground hip hop,KILL YOURSELF Part XII: The Dark Glacier Saga,Audubon,3UcyaCWLsc0XDhzXHUuH1S,0.768,0.785,1,-5.057,1,0.332,1.24e-05,0.779,0.698,169.029,134963,4,71.0,2023-06-13T18:46:04Z
BONES,cloud rap/dark trap,paidprogramming2,BlackMold,3fy0VxBzkBYxA03kixiH4W,0.383,0.513,1,-8.713,1,0.0677,0.000127,0.122,0.0796,139.562,123500,3,50.0,2023-06-13T18:46:11Z
whyalive,russian hyperpop,Код,Код,53shWqZYUcOCTM8bn6Z2nM,0.6,0.608,8,-6.444,1,0.106,1.55e-05,0.282,0.751,170.798,134000,4,51.0,2023-06-13T18:46:31Z
J. Cole,conscious hip hop/hip hop/north carolina hip hop/rap,2014 Forest Hills Drive,03’ Adolescence,11qa6plS660rrrkf6VJ3cX,0.528,0.811,1,-6.181,1,0.59,0,0.274,0.26,70.58,264213,4,66.0,2023-07-02T14:05:22Z
J. Cole,conscious hip hop/hip hop/north carolina hip hop/rap,The Off-Season,l e t . g o . m y . h a n d (with Bas & 6LACK),0GAyuCo975IHGxxiLKDufB,0.583,0.625,1,-8.011,1,0.277,0,0.196,0.516,89.812,266291,4,68.0,2023-07-02T14:06:37Z
J. Cole,conscious hip hop/hip hop/north carolina hip hop/rap,4 Your Eyez Only,Deja Vu,6I6NX6tjGsxFAsIfGzY9lJ,0.657,0.421,9,-11.378,1,0.412,0.000218,0.187,0.181,174.063,264747,4,73.0,2023-07-02T14:07:05Z
J. Cole,conscious hip hop/hip hop/north carolina hip hop/rap,The Off-Season,a m a r i,2cnKST6T9qUo2i907lm8zX,0.725,0.713,4,-6.173,0,0.187,0,0.617,0.207,65.988,148421,4,76.0,2023-07-02T14:09:01Z
J. Cole,conscious hip hop/hip hop/north carolina hip hop/rap,The Off-Season,m y . l i f e (with 21 Savage & Morray),1D3z6HTiQsNmZxjl7F7eoG,0.597,0.587,7,-7.026,0,0.137,0,0.214,0.0753,140.021,218802,4,81.0,2023-07-02T14:10:34Z
iamjakehill,sad rap,Spectrum,Die a King,1s70cjkrdj9lpEeQQlmS9l,0.632,0.946,0,-2.784,0,0.277,0,0.495,0.324,125.061,169062,3,68.0,2023-07-04T21:33:20Z
BONES,cloud rap/dark trap,Skinny,WhereTheTreesMeetTheFreeway,7nH4UnffKuEHlbjCnSRYRG,0.773,0.278,1,-14.78,1,0.105,8.91e-05,0.0918,0.0373,96.994,175308,4,57.0,2023-07-10T10:16:50Z
NateTaylorr,unknown,Signs of Luxury,Hello,6mcv9kpEtDi67GNDu0Jm4u,0.82,0.552,4,-6.006,0,0.126,0,0.107,0.102,135.019,144000,4,52.0,2023-07-10T10:17:01Z
Parker Jack,unknown,WHO I AM,WHO I AM,06rpIOxnQoXUAcJHBV0u3k,0.513,0.452,8,-12.946,0,0.311,0,0.0997,0.0596,93.025,150652,4,61.0,2023-07-10T10:17:04Z
Night Lovell,aesthetic rap/canadian hip hop/canadian trap/cloud rap/dark trap/ottawa rap,Red Teenage Melody,I'm Okay,4rCVKG4nTJoN03Ua1H2i9S,0.743,0.783,2,-6.493,0,0.0286,1.74e-06,0.22,0.347,111.014,157859,4,55.0,2023-07-24T20:01:53Z
Terror Reid,dark trap,Uppercuts,Uppercuts,7EpACeh5ooHUb0AnQ3f3Xl,0.544,0.812,1,-6.431,1,0.393,0,0.481,0.678,183.529,180000,4,62.0,2023-07-25T00:54:11Z
Terror Reid,dark trap,HOT VODKA 1,When It's All Gone,0rqhyRPxtOCr8ceBqFVogt,0.808,0.811,5,-6.412,1,0.269,1.91e-05,0.0946,0.766,104.035,161538,4,57.0,2023-07-25T00:54:16Z
Terror Reid,dark trap,HOT VODKA 1,Outlawz,2TcJXdj2xzVWbxZYGEeIba,0.787,0.86,6,-6.38,0,0.182,0,0.0777,0.625,89.994,224000,4,57.0,2023-07-25T00:54:22Z
Terror Reid,dark trap,Dead to Me,Dead to Me,26zo23frbrONsEJs6m2drZ,0.792,0.754,10,-7.347,1,0.108,0.000863,0.165,0.251,120.0,192000,4,55.0,2023-07-25T00:54:36Z
BONES,cloud rap/dark trap,UNRENDERED,MustBeARealDragWakingUpAndBeingYou,4eaXSrScP9VdnF4G0KaeDh,0.608,0.404,11,-11.028,1,0.445,0.0128,0.708,0.398,127.263,116568,4,61.0,2023-08-08T09:03:10Z
K Motionz,unknown,Vino Bandit,Vino Bandit,00c6JYguKlfq5yOlLoITlH,0.746,0.871,1,-2.827,1,0.093,0.000264,0.621,0.552,87.013,150345,4,71.0,2023-08-10T11:59:44Z
Songer,chill drill,The Sunrise Project,Endlessly,1a3n05oJgk0KiAmdQwbGVb,0.787,0.441,5,-7.976,0,0.189,0.000524,0.0636,0.594,99.914,194456,4,58.0,2023-08-10T12:05:54Z
Metro Boomin,rap,METRO BOOMIN PRESENTS SPIDER-MAN: ACROSS THE SPIDER-VERSE (SOUNDTRACK FROM AND INSPIRED BY THE MOTION PICTURE),"Am I Dreaming (Metro Boomin & A$AP Rocky, Roisee)",6Ec5LeRzkisa5KJtwLfOoW,0.599,0.526,9,-7.812,0,0.0385,0.00256,0.209,0.134,90.018,256027,4,83.0,2023-08-10T12:08:20Z
BONES,cloud rap/dark trap,Misery,Misery,37WO9r4U3LLqFkwHqZ2qg1,0.734,0.513,2,-8.688,1,0.0368,0.000844,0.0987,0.12,135.99,99814,4,50.0,2023-08-20T07:36:42Z
Lyrical Lemonade,unknown,Doomsday,Doomsday (with Juice WRLD & Cordae),3bkpVSoNvBkvt9LJMFT5at,0.73,0.729,10,-3.939,0,0.203,0,0.3,0.885,93.159,150968,4,77.0,2023-08-25T11:46:42Z
iamjakehill,sad rap,Drama Queen,Drama Queen,5wCrP8GA3lRH3ppITSWaPU,0.78,0.707,1,-8.362,1,0.0362,2.64e-06,0.162,0.333,150.018,131617,4,57.0,2023-09-09T08:50:02Z
